HEADER_TITLE Alias|Wavefront Real Time Games Output
HEADER_VERSION v2.0

NUMBER_OF_OBJECTS 67

OUTPUT_VERT_NORMS   on
OUTPUT_VERT_COLORS  on
OUTPUT_TEX_COORDS   on
OUTPUT_POLY_NORMS   on
OUTPUT_HIERARCHY    off
SHOW_INDEX_COUNTERS on
OUTPUT_MATERIALS    on
OUTPUT_ANIMATION    off

MATERIAL_LIST 2
    MATERIAL 0
    NAME DefaultShader
    AMBIENT 0.000000 0.585938 0.996094
    DIFFUSE 0.000000 0.468750 0.796875
    SPECULAR 0.000000 0.000000 0.000000
    EMMISION 0.000000 0.000000 0.000000
    SHININESS 0.000000
    TRANSPARENCY 0.000000
    TEXTURE_NAME File#10
    FILENAME color file /usr/people/spectre/user_data/tex_guard/pix/textures/Bened2.PIX

    MATERIAL 1
    NAME Green
    AMBIENT 0.000000 0.996094 0.000000
    DIFFUSE 0.000000 0.796875 0.000000
    SPECULAR 0.000000 0.000000 0.000000
    EMMISION 0.000000 0.000000 0.000000
    SHININESS 0.000000
    TRANSPARENCY 0.000000

END_MATERIAL_LIST

HIERARCHY_LIST H 67 top_level
0 P Combined_Polyset
0 P XJLAN_SLAN
0 P XJRHI_SRHI
0 P XJRAN
0 P JABDOMEN01
0 P XJRWR_SRWR
0 P XJRHI
0 P XSRKN
0 P JRANKLE_01
0 P XJRKN
0 P JRHIP_YE01
0 P XSLAN
0 P JBUTT_YE01
0 P XJLSH
0 P JLHIP_YE01
0 P XJLWR_SLWR
0 P XSLSH
0 P XJLSH_SABD
0 P JRSHLDR_01
0 P JLWRIST_01
0 P XJLKN_SLKN
0 P XJLAN
0 P XJLEL_SLEL
0 P jrfinger
0 P XJLEL_SLSH
0 P XJREL_SRSH
0 P XJLAN_SLKN
0 P XSRSH
0 P XJRHI01
0 P JRKNEE_Y01
0 P XJNEC_SNEC
0 P XJREL_SREL
0 P JLKNEE_Y01
0 P XJRKN_SRKN
0 P JLANKLE_01
0 P XJLKN_SLHI
0 P XJNEC_SABD
0 P JRWRIST_01
0 P jrtoe
0 P XJLHI
0 P XSRAN
0 P XJRSH_SABD
0 P XJRAN_SRKN
0 P jltoe
0 P XJLKN
0 P XJRKN_SRHI
0 P XJLHI_SBUT
0 P XJABD_SBUT
0 P jhead
0 P XJRWR_SREL
0 P XJABD_SABD
0 P XJRSH
0 P XJLSH_SLSH
0 P XJLHI01
0 P JLELBOW_01
0 P JRELBOW_01
0 P XSRHI
0 P XJRSH_SRSH
0 P XSLHI
0 P XJRAN_SRAN
0 P JLSHLDR_01
0 P jlfinger
0 P XSLKN
0 P XJRHI_SBUT
0 P JNECK_YE01
0 P XJLWR_SLEL
0 P XJLHI_SLHI
END_HIERARCHY_LIST

OBJECT_START Combined_Polyset v126 n126 t170 p210
USES_MATERIAL 0 DefaultShader
VERTEX world
0   -0.787378 -0.158402 1.529105
1   -0.623328 0.008669 1.529105
2   -0.867991 -0.158989 1.234123
3   -0.811987 -0.111604 4.939491
4   -0.861728 -0.449137 4.803116
5   -0.559564 -0.061913 4.940412
6   -0.808544 -0.088600 5.131497
7   -0.429854 -0.050463 5.143167
8   -0.243727 0.188549 5.133563
9   -0.245647 0.188532 5.393161
10   -0.739030 -0.116453 5.390062
11   -0.914568 0.174602 5.725834
12   -0.950698 0.174287 5.391120
13   -0.540966 -0.056605 5.726105
14   -0.351867 0.187605 5.727637
15   -0.271334 0.186780 5.097393
16   -0.938998 0.175188 5.130113
17   -1.000291 0.174930 4.947348
18   -0.727705 -0.082068 5.724902
19   -0.527502 -0.087611 5.391426
20   -0.618041 -0.346007 1.234122
21   -0.618363 -0.324360 1.529105
22   -0.849400 -1.244387 4.285877
23   -0.292717 -0.268120 4.274662
24   -0.614524 -1.171745 4.284353
25   -0.846590 -0.411061 4.273009
26   -0.848884 -1.244072 4.537462
27   -0.437348 -0.386376 4.806099
28   -0.614365 -1.171609 4.538987
29   -0.623651 0.030315 1.234122
30   -0.454314 -0.157289 1.529105
31   -0.474782 -0.157585 1.234123
32   -0.387754 -2.039018 4.280584
33   -0.544162 -2.072914 4.281698
34   -0.616411 -0.395836 2.800053
35   -0.207513 0.188865 3.652755
36   -0.326668 -0.187802 3.639997
37   -0.282065 0.203895 2.765583
38   -0.970563 -0.206057 2.767533
39   -0.626412 0.200890 2.766511
40   -0.382061 -2.038802 4.451067
41   -0.271128 -0.203720 2.767534
42   -0.542239 -2.073720 4.449955
43   -0.601927 -0.370542 3.270286
44   -0.839041 -0.310495 3.647041
45   -1.126841 0.188431 2.799872
46   -1.030653 0.173589 3.649895
47   -0.333661 0.186861 4.897539
48   -0.279472 0.188237 4.808133
49   -0.203077 -2.588739 4.289509
50   -0.474757 -2.553666 4.289509
51   -0.633250 0.185149 5.860875
52   0.018756 -0.157313 -0.009510
53   -0.488784 -0.159511 0.247759
54   -0.608018 -0.354855 -0.009510
55   -0.613771 -0.286693 0.247759
56   -1.043137 0.173480 4.224933
57   -0.118132 0.189645 4.227598
58   -0.978803 0.174042 4.805894
59   -0.611155 0.029479 -0.009510
60   -0.882463 -0.164961 -0.009510
61   -0.616661 -0.033841 0.247759
62   -0.741649 -0.161023 0.247759
63   -0.874920 0.546180 1.234123
64   -0.627369 0.382817 1.529105
65   -0.794309 0.547000 1.529105
66   -0.562974 0.453925 4.940412
67   -0.872901 0.831173 4.803116
68   -0.816226 0.499202 4.939491
69   -0.432760 0.444743 5.143167
70   -0.812058 0.476264 5.131497
71   -0.245647 0.188532 5.393161
72   -0.243727 0.188549 5.133563
73   -0.950698 0.174287 5.391120
74   -0.914568 0.174602 5.725834
75   -0.744416 0.500681 5.390062
76   -0.351867 0.187605 5.727637
77   -0.545337 0.444299 5.726105
78   -0.271334 0.186780 5.097393
79   -1.000291 0.174930 4.947348
80   -0.938998 0.175188 5.130113
81   -0.732492 0.466498 5.724902
82   -0.532417 0.475535 5.391426
83   -0.628217 0.715882 1.529105
84   -0.628272 0.737531 1.234122
85   -0.469033 1.768922 4.295942
86   -0.300817 0.660114 4.274662
87   -0.705141 1.837454 4.297467
88   -0.704620 1.837148 4.549052
89   -0.857100 0.793366 4.273009
90   -0.468872 1.768788 4.550576
91   -0.447490 0.775828 4.806099
92   -0.627314 0.361168 1.234122
93   -0.461276 0.551700 1.529105
94   -0.481746 0.551638 1.234123
95   -0.190163 2.558638 4.423268
96   -0.347140 2.589800 4.424381
97   -0.627904 0.768250 2.800053
98   -0.282065 0.203895 2.765583
99   -0.334898 0.602371 3.639997
100   -0.207513 0.188865 3.652755
101   -0.977477 0.586230 2.767533
102   -0.626412 0.200890 2.766511
103   -0.184468 2.558522 4.593751
104   -0.278108 0.596100 2.767534
105   -0.345230 2.590638 4.592638
106   -0.849334 0.716103 3.647041
107   -0.612981 0.743213 3.270286
108   -1.126841 0.188431 2.799872
109   -1.030653 0.173589 3.649895
110   -0.279472 0.188237 4.808133
111   -0.333661 0.186861 4.897539
112   -0.004174 3.163432 4.432192
113   -0.275200 3.123622 4.432192
114   -0.633250 0.185149 5.860875
115   -0.618405 0.746553 -0.009510
116   -0.495780 0.553319 0.247759
117   0.011721 0.559980 -0.009510
118   -0.622968 0.678301 0.247759
119   -1.043137 0.173480 4.224933
120   -0.118132 0.189645 4.227598
121   -0.978803 0.174042 4.805894
122   -0.889495 0.551898 -0.009510
123   -0.614834 0.362222 -0.009510
124   -0.621445 0.425436 0.247759
125   -0.748633 0.550418 0.247759
COLOR
0   0 255 0 1
1   0 255 0 1
2   255 255 0 1
3   0 255 255 1
4   0 255 0 1
5   0 255 255 1
6   0 255 0 1
7   0 255 255 1
8   0 255 0 1
9   0 255 0 1
10   0 255 255 1
11   0 255 255 1
12   0 255 0 1
13   0 255 0 1
14   0 255 255 1
15   0 255 0 1
16   0 255 255 1
17   0 255 0 1
18   0 255 0 1
19   0 255 0 1
20   0 255 255 1
21   0 255 255 1
22   0 255 255 1
23   0 255 0 1
24   0 255 255 1
25   0 255 255 1
26   0 255 0 1
27   0 255 0 1
28   0 255 255 1
29   0 255 255 1
30   0 255 0 1
31   0 255 0 1
32   0 255 0 1
33   0 255 255 1
34   0 255 0 1
35   0 255 0 1
36   0 255 255 1
37   0 255 0 1
38   0 255 0 1
39   0 255 0 1
40   0 255 0 1
41   255 255 0 1
42   0 255 0 1
43   0 255 0 1
44   0 255 255 1
45   0 255 255 1
46   0 255 0 1
47   0 255 0 1
48   0 255 0 1
49   255 255 0 1
50   0 255 0 1
51   0 255 0 1
52   0 255 0 1
53   0 255 0 1
54   0 255 255 1
55   0 255 0 1
56   0 255 0 1
57   0 255 0 1
58   0 255 0 1
59   0 255 0 1
60   0 255 0 1
61   255 255 0 1
62   0 255 0 1
63   0 255 0 1
64   0 255 0 1
65   0 255 0 1
66   0 255 0 1
67   0 255 0 1
68   0 255 0 1
69   0 255 0 1
70   0 255 0 1
71   0 255 0 1
72   0 255 0 1
73   0 255 255 1
74   0 255 0 1
75   0 255 0 1
76   0 255 0 1
77   0 255 0 1
78   0 255 0 1
79   0 255 0 1
80   0 255 255 1
81   0 255 0 1
82   0 255 0 1
83   0 255 0 1
84   0 255 255 1
85   0 255 255 1
86   0 255 0 1
87   0 255 255 1
88   0 255 255 1
89   0 255 0 1
90   0 255 0 1
91   0 255 0 1
92   0 255 0 1
93   0 255 0 1
94   0 255 49 1
95   0 255 0 1
96   0 255 255 1
97   0 255 255 1
98   0 255 255 1
99   0 255 0 1
100   0 255 0 1
101   0 255 49 1
102   0 255 0 1
103   0 255 0 1
104   0 255 0 1
105   0 255 0 1
106   0 255 0 1
107   0 255 0 1
108   0 255 0 1
109   0 255 0 1
110   0 255 0 1
111   0 255 0 1
112   0 255 0 1
113   0 255 0 1
114   0 255 0 1
115   0 255 0 1
116   0 255 0 1
117   0 255 0 1
118   0 255 0 1
119   0 255 0 1
120   0 255 49 1
121   0 255 0 1
122   0 255 0 1
123   0 255 0 1
124   0 255 0 1
125   0 255 0 1
126   0 255 0 1
127   0 255 0 1
128   0 255 255 1
129   0 255 255 1
130   0 255 0 1
131   0 255 49 1
132   0 255 49 1
133   0 255 0 1
134   0 255 0 1
135   0 255 0 1
136   0 255 0 1
137   0 255 0 1
138   0 255 0 1
139   0 255 255 1
140   0 255 49 1
141   0 255 255 1
142   0 255 49 1
143   0 255 255 1
144   0 255 0 1
145   0 255 0 1
146   0 255 0 1
147   0 255 0 1
148   0 255 0 1
149   0 255 0 1
150   0 255 0 1
151   0 255 255 1
152   0 255 35 1
153   0 255 255 1
154   0 255 255 1
155   0 255 0 1
156   0 255 255 1
157   0 255 255 1
158   0 255 255 1
159   0 255 207 1
160   0 255 0 1
161   0 255 0 1
162   0 255 255 1
163   0 255 0 1
164   0 255 255 1
165   0 255 0 1
166   0 255 0 1
167   0 255 255 1
168   0 255 255 1
169   0 255 0 1
170   0 255 255 1
171   0 255 0 1
172   0 255 255 1
173   0 255 0 1
174   0 255 255 1
175   0 255 0 1
176   0 255 255 1
177   0 255 207 1
178   0 255 0 1
179   0 255 0 1
180   0 255 0 1
181   0 255 0 1
182   0 255 0 1
183   0 255 255 1
184   0 255 0 1
185   0 255 0 1
186   0 255 0 1
187   0 255 255 1
188   0 255 0 1
189   0 255 0 1
190   0 255 0 1
191   0 255 0 1
192   0 255 0 1
193   0 255 0 1
194   0 255 0 1
195   0 255 255 1
196   0 255 0 1
197   0 255 0 1
198   0 255 0 1
199   0 255 0 1
200   0 255 0 1
201   0 255 0 1
202   0 255 0 1
203   0 255 255 1
204   0 255 0 1
205   0 255 255 1
206   0 255 0 1
207   0 255 0 1
208   0 255 35 1
209   0 255 255 1
210   0 255 0 1
211   0 255 255 1
212   0 255 0 1
213   0 255 0 1
214   0 255 35 1
215   0 255 0 1
216   0 255 0 1
217   0 255 0 1
218   0 255 35 1
219   0 255 0 1
220   0 255 255 1
221   0 255 0 1
222   0 255 0 1
223   0 255 255 1
224   0 255 0 1
225   0 255 255 1
226   0 255 0 1
227   0 255 255 1
228   0 255 255 1
229   0 255 0 1
230   0 255 255 1
231   0 255 0 1
232   0 255 255 1
233   0 255 255 1
234   0 255 0 1
235   0 255 255 1
236   0 255 0 1
237   0 255 255 1
238   0 255 255 1
239   0 255 0 1
240   0 255 255 1
241   0 255 255 1
242   0 255 255 1
243   0 255 0 1
244   0 255 0 1
245   0 255 255 1
246   0 255 0 1
247   0 255 0 1
248   0 255 0 1
249   0 255 0 1
250   0 255 0 1
251   0 255 255 1
252   0 255 0 1
253   0 255 0 1
254   0 255 0 1
255   0 255 0 1
256   0 255 0 1
257   0 255 0 1
258   0 255 0 1
259   0 255 0 1
260   0 255 0 1
261   0 255 0 1
262   0 255 0 1
263   0 255 0 1
264   0 255 0 1
265   0 255 0 1
266   0 255 0 1
267   0 255 255 1
268   0 255 0 1
269   0 255 255 1
270   0 255 255 1
271   0 255 255 1
272   0 255 0 1
273   0 255 255 1
274   0 255 255 1
275   0 255 0 1
276   0 255 0 1
277   0 255 0 1
278   0 255 255 1
279   0 255 0 1
280   0 255 255 1
281   0 255 0 1
282   0 255 255 1
283   0 255 0 1
284   0 255 255 1
285   0 255 0 1
286   0 255 0 1
287   0 255 255 1
288   0 255 0 1
289   0 255 207 1
290   0 255 0 1
291   0 255 255 1
292   0 255 0 1
293   0 255 255 1
294   255 255 0 1
295   0 255 255 1
296   0 255 0 1
297   255 255 0 1
298   0 255 0 1
299   0 255 255 1
300   0 255 255 1
301   0 255 255 1
302   0 255 0 1
303   0 255 0 1
304   0 255 0 1
305   0 255 255 1
306   0 255 255 1
307   0 255 255 1
308   0 255 0 1
309   0 255 255 1
310   0 255 0 1
311   0 255 255 1
312   0 255 0 1
313   0 255 255 1
314   0 255 0 1
315   0 255 0 1
316   0 255 0 1
317   0 255 0 1
318   0 255 255 1
319   0 255 0 1
320   0 255 255 1
321   0 255 0 1
322   0 255 255 1
323   0 255 0 1
324   0 255 255 1
325   0 255 255 1
326   0 255 0 1
327   0 255 255 1
328   0 255 0 1
329   0 255 0 1
330   0 255 0 1
331   0 255 255 1
332   0 255 0 1
333   0 255 255 1
334   0 255 0 1
335   0 255 0 1
336   0 255 0 1
337   0 255 255 1
338   0 255 255 1
339   0 255 0 1
340   0 255 255 1
341   0 255 255 1
342   0 255 255 1
343   0 255 255 1
344   0 255 0 1
345   0 255 0 1
346   0 255 0 1
347   0 255 0 1
348   0 255 0 1
349   0 255 0 1
350   0 255 255 1
351   0 255 0 1
352   0 255 0 1
353   0 255 255 1
354   0 255 0 1
355   0 255 0 1
356   0 255 0 1
357   0 255 255 1
358   0 255 0 1
359   0 255 0 1
360   0 255 0 1
361   0 255 0 1
362   0 255 255 1
363   0 255 0 1
364   0 255 0 1
365   0 255 0 1
366   0 255 0 1
367   0 255 0 1
368   0 255 0 1
369   0 255 102 1
370   0 255 0 1
371   0 255 255 1
372   0 255 0 1
373   0 255 102 1
374   0 255 0 1
375   0 255 0 1
376   0 255 0 1
377   0 255 0 1
378   0 255 0 1
379   0 255 0 1
380   0 255 0 1
381   0 255 0 1
382   0 255 0 1
383   0 255 0 1
384   0 255 0 1
385   0 255 0 1
386   0 255 0 1
387   0 255 0 1
388   0 255 255 1
389   0 255 0 1
390   0 255 0 1
391   0 255 0 1
392   0 255 102 1
393   0 255 255 1
394   0 255 0 1
395   0 255 102 1
396   0 255 0 1
397   0 255 0 1
398   0 255 0 1
399   0 255 0 1
400   0 255 255 1
401   0 255 255 1
402   0 255 0 1
403   0 255 255 1
404   0 255 255 1
405   0 255 0 1
406   0 255 0 1
407   0 255 0 1
408   0 255 0 1
409   0 255 49 1
410   0 255 0 1
411   0 255 255 1
412   0 255 255 1
413   0 255 255 1
414   0 255 49 1
415   0 255 0 1
416   0 255 0 1
417   0 255 0 1
418   0 255 0 1
419   0 255 0 1
420   0 255 0 1
421   0 255 0 1
422   0 255 0 1
423   0 255 0 1
424   0 255 102 1
425   0 255 0 1
426   0 255 0 1
427   0 255 0 1
428   0 255 0 1
429   0 255 0 1
430   0 255 0 1
431   0 255 0 1
432   0 255 0 1
433   0 255 0 1
434   0 255 0 1
435   0 255 0 1
436   0 255 0 1
437   0 255 49 1
438   0 255 102 1
439   0 255 0 1
440   0 255 0 1
441   0 255 255 1
442   0 255 0 1
443   0 255 0 1
444   0 255 49 1
445   0 255 0 1
446   0 255 255 1
447   0 255 0 1
448   0 255 0 1
449   0 255 49 1
450   0 255 0 1
451   0 255 0 1
452   0 255 0 1
453   0 255 49 1
454   0 255 255 1
455   0 255 0 1
456   0 255 255 1
457   0 255 49 1
458   0 255 255 1
459   0 255 0 1
460   0 255 0 1
461   0 255 0 1
462   0 255 0 1
463   0 255 0 1
464   0 255 0 1
465   0 255 35 1
466   0 255 255 1
467   0 255 0 1
468   0 255 0 1
469   0 255 0 1
470   0 255 255 1
471   0 255 0 1
472   0 255 255 1
473   0 255 0 1
474   0 255 0 1
475   0 255 0 1
476   0 255 207 1
477   0 255 255 1
478   0 255 0 1
479   0 255 255 1
480   0 255 255 1
481   0 255 0 1
482   0 255 0 1
483   0 255 255 1
484   0 255 0 1
485   0 255 255 1
486   0 255 0 1
487   0 255 255 1
488   0 255 0 1
489   0 255 255 1
490   0 255 0 1
491   0 255 255 1
492   0 255 0 1
493   0 255 0 1
494   0 255 207 1
495   0 255 0 1
496   0 255 0 1
497   0 255 0 1
498   0 255 0 1
499   0 255 0 1
500   0 255 255 1
501   0 255 0 1
502   0 255 255 1
503   0 255 0 1
504   0 255 0 1
505   0 255 0 1
506   0 255 0 1
507   0 255 0 1
508   0 255 0 1
509   0 255 0 1
510   0 255 0 1
511   0 255 0 1
512   0 255 255 1
513   0 255 0 1
514   0 255 0 1
515   0 255 0 1
516   0 255 255 1
517   0 255 0 1
518   0 255 0 1
519   0 255 0 1
520   0 255 255 1
521   0 255 0 1
522   0 255 255 1
523   0 255 35 1
524   0 255 0 1
525   0 255 0 1
526   0 255 255 1
527   0 255 0 1
528   0 255 0 1
529   0 255 35 1
530   0 255 0 1
531   0 255 35 1
532   0 255 0 1
533   0 255 0 1
534   0 255 0 1
535   0 255 255 1
536   0 255 0 1
537   0 255 0 1
538   0 255 255 1
539   0 255 0 1
540   0 255 0 1
541   0 255 0 1
542   0 255 0 1
543   0 255 255 1
544   0 255 0 1
545   0 255 255 1
546   0 255 255 1
547   0 255 0 1
548   0 255 0 1
549   0 255 0 1
550   0 255 0 1
551   0 255 0 1
552   0 255 0 1
553   0 255 255 1
554   0 255 255 1
555   0 255 255 1
556   0 255 0 1
557   0 255 255 1
558   0 255 255 1
559   0 255 0 1
560   0 255 0 1
561   0 255 0 1
562   0 255 0 1
563   0 255 0 1
564   0 255 255 1
565   0 255 0 1
566   0 255 0 1
567   0 255 0 1
568   0 255 0 1
569   0 255 0 1
570   0 255 0 1
571   0 255 0 1
572   0 255 0 1
573   0 255 0 1
574   0 255 0 1
575   0 255 0 1
576   0 255 0 1
577   0 255 0 1
578   0 255 0 1
579   0 255 0 1
580   0 255 0 1
581   0 255 0 1
582   0 255 255 1
583   0 255 0 1
584   0 255 255 1
585   0 255 0 1
586   0 255 255 1
587   0 255 255 1
588   0 255 0 1
589   0 255 255 1
590   0 255 255 1
591   0 255 255 1
592   0 255 0 1
593   0 255 0 1
594   0 255 0 1
595   0 255 255 1
596   0 255 0 1
597   0 255 255 1
598   0 255 0 1
599   0 255 255 1
600   0 255 255 1
601   0 255 0 1
602   0 255 0 1
603   0 255 0 1
604   0 255 207 1
605   0 255 0 1
606   0 255 255 1
607   0 255 0 1
608   0 255 255 1
609   0 255 0 1
610   0 255 255 1
611   0 255 0 1
612   0 255 255 1
613   0 255 0 1
614   0 255 0 1
615   0 255 0 1
616   0 255 255 1
617   0 255 255 1
618   0 255 255 1
619   0 255 0 1
620   0 255 0 1
621   0 255 0 1
622   0 255 255 1
623   0 255 255 1
624   0 255 255 1
625   0 255 0 1
626   0 255 255 1
627   0 255 0 1
628   0 255 255 1
629   0 255 0 1
NORMAL
0   -0.841504 -0.055863 0.008458
1   0.024755 0.843031 0.002671
2   -0.839995 -0.007372 0.075340
3   -0.545550 -0.545626 0.340572
4   -0.486185 -0.291073 0.624678
5   0.353381 -0.629752 0.435724
6   -0.374554 -0.755228 0.025734
7   0.452881 -0.698386 -0.135933
8   0.640023 -0.506906 -0.211515
9   0.624066 -0.557030 0.107614
10   -0.334326 -0.773641 0.032060
11   -0.628759 -0.458935 0.324595
12   -0.707255 -0.456047 0.055980
13   0.404890 -0.605127 0.425685
14   0.535436 -0.417740 0.500124
15   0.621993 -0.475969 -0.312889
16   -0.736032 -0.403076 0.084310
17   -0.702052 -0.463103 0.063093
18   -0.186545 -0.702295 0.428140
19   0.318272 -0.778428 0.063830
20   0.081031 -0.839270 -0.019514
21   -0.015827 -0.843116 0.015028
22   -0.577040 -0.142609 -0.598338
23   0.665806 -0.456409 -0.244366
24   0.597870 -0.062858 -0.591542
25   -0.747698 -0.325027 -0.215934
26   -0.572920 -0.175114 0.593649
27   0.593209 -0.283030 0.528506
28   0.614125 -0.089096 0.571169
29   0.065853 0.840540 -0.021863
30   0.842364 0.008709 -0.040848
31   0.842575 0.008061 -0.036375
32   0.565860 0.158153 -0.605071
33   -0.456696 -0.117427 -0.699257
34   -0.040858 -0.842313 -0.012696
35   0.793897 -0.270448 -0.088923
36   0.608993 -0.583229 0.017098
37   0.740879 -0.104970 -0.389103
38   -0.697129 -0.373631 -0.292800
39   -0.210587 0.543570 -0.609513
40   0.480057 0.028588 0.692856
41   0.784205 -0.199933 -0.237427
42   -0.550491 -0.295054 0.566767
43   0.175492 -0.817333 0.111766
44   -0.354543 -0.765002 0.019819
45   -0.738533 -0.264160 -0.310017
46   -0.789349 -0.297060 0.002127
47   0.644355 -0.540683 -0.061564
48   0.692754 -0.291246 0.382869
49   0.606694 -0.182460 0.556733
50   -0.563111 -0.270682 -0.566532
51   0.018477 -0.325202 0.777961
52   0.380945 0.007508 -0.752427
53   0.779673 0.008439 0.321498
54   0.143857 -0.830319 -0.034598
55   0.059361 -0.830422 0.134896
56   -0.810409 -0.233336 0.010622
57   0.788397 -0.295805 0.047442
58   -0.778344 -0.264503 0.188522
59   0.129504 0.832028 -0.047747
60   -0.792373 -0.004806 -0.288867
61   0.043965 0.832892 0.125222
62   -0.837413 -0.006606 0.100086
63   -0.839995 -0.007289 0.075340
64   0.036766 -0.842589 0.003772
65   -0.842272 0.041420 0.013583
66   0.352346 0.629251 0.437283
67   -0.493196 0.278634 0.624854
68   -0.571960 0.518068 0.340278
69   0.457261 0.695080 -0.138194
70   -0.403903 0.739711 0.031798
71   0.631762 0.546931 0.114299
72   0.648038 0.486891 -0.233036
73   -0.734586 0.409729 0.061867
74   -0.659165 0.414368 0.324226
75   -0.366334 0.758562 0.041279
76   0.537656 0.408248 0.505550
77   0.404551 0.600136 0.433009
78   0.627786 0.452383 -0.335495
79   -0.730829 0.416344 0.062193
80   -0.759387 0.356586 0.086600
81   -0.212086 0.690099 0.436010
82   0.312504 0.780045 0.072058
83   -0.035710 0.842410 0.019772
84   0.066371 0.840557 -0.019514
85   0.618537 0.031160 -0.572506
86   0.677729 0.445950 -0.230508
87   -0.549337 0.238248 -0.593960
88   -0.575611 0.174802 0.591133
89   -0.739025 0.350917 -0.204990
90   0.600381 -0.043056 0.590771
91   0.606582 0.209399 0.547295
92   0.080512 -0.839262 -0.021863
93   0.842379 0.006074 -0.041024
94   0.842588 0.006645 -0.036375
95   0.566406 -0.154987 -0.605380
96   -0.431795 0.206066 -0.694558
97   -0.048318 0.841871 -0.015498
98   0.742497 0.108996 -0.384889
99   0.588115 0.604431 0.010243
100   0.795195 0.268402 -0.083353
101   -0.694375 0.368859 -0.305136
102   -0.199769 -0.552940 -0.604708
103   0.457913 -0.115950 0.698708
104   0.777423 0.219747 -0.242170
105   -0.547780 0.288380 0.572797
106   -0.351605 0.766446 0.016026
107   0.171975 0.821408 0.083872
108   -0.747913 0.237397 -0.309177
109   -0.802396 0.259520 0.011447
110   0.692000 0.289337 0.385671
111   0.659942 0.521464 -0.062240
112   0.603818 0.165599 0.565069
113   -0.571095 0.250961 -0.567619
114   0.008096 0.307819 0.785177
115   0.129344 0.832703 -0.034598
116   0.779701 0.005170 0.321498
117   0.381018 -0.000859 -0.752427
118   0.044859 0.831332 0.134896
119   -0.817173 0.208402 0.010895
120   0.786551 0.300663 0.047558
121   -0.789826 0.233297 0.181849
122   -0.792336 -0.009023 -0.288867
123   0.144006 -0.829641 -0.047747
124   0.058494 -0.831997 0.125222
125   -0.837401 -0.008010 0.100086
TEXCOORD
0   0.184879 0.136796
1   0.017729 0.139218
2   0.184859 0.071413
3   0.295323 0.697767
4   0.467877 0.621267
5   0.259035 0.676132
6   0.314384 0.742581
7   0.155511 0.713092
8   0.003904 0.699349
9   0.003018 0.816210
10   0.328691 0.820525
11   0.677062 0.962468
12   0.677062 0.825548
13   0.250345 0.952829
14   0.006291 0.953090
15   0.003904 0.699292
16   0.681087 0.751257
17   0.681087 0.683403
18   0.322830 0.957467
19   0.255666 0.815915
20   0.370121 0.083519
21   0.358372 0.136796
22   0.996999 0.602160
23   0.696149 0.992275
24   0.695383 0.606830
25   0.989442 0.985877
26   0.892608 0.600487
27   0.891257 0.982551
28   0.791865 0.985365
29   0.808815 0.610036
30   0.891257 0.982551
31   0.014028 0.073834
32   0.185186 0.136796
33   0.185206 0.071413
34   0.891257 0.982551
35   0.680022 0.469184
36   0.994544 0.470270
37   0.418699 0.263103
38   0.005030 0.350139
39   0.338446 0.331017
40   0.007042 0.225754
41   0.520726 0.245457
42   0.007042 0.225912
43   0.813443 0.477486
44   0.189378 0.247878
45   0.896223 0.473835
46   0.418421 0.304465
47   0.467308 0.334638
48   0.667993 0.241280
49   0.665981 0.359337
50   0.005165 0.659340
51   0.004279 0.612437
52   0.822367 0.245165
53   0.992412 0.244339
54   0.005030 0.997579
55   0.187908 -0.002421
56   0.187526 0.041404
57   0.365612 -0.002421
58   0.353951 0.041404
59   0.467427 0.418161
60   0.665606 0.444704
61   0.467427 0.418161
62   0.339189 0.417653
63   0.003018 0.433641
64   0.339189 0.417653
65   0.467427 0.418161
66   0.339189 0.417653
67   0.467427 0.418161
68   0.467877 0.621267
69   0.671026 0.645953
70   0.467877 0.621267
71   0.306875 0.609669
72   0.306875 0.609669
73   0.467877 0.621267
74   0.339189 0.417653
75   0.306875 0.609669
76   0.339189 0.417653
77   0.467877 0.621267
78   0.339189 0.417653
79   0.696149 0.992275
80   0.989442 0.985877
81   0.016202 0.000000
82   0.187870 -0.002421
83   0.027018 0.043825
84   0.187407 0.041404
85   0.184859 0.071413
86   0.017729 0.139218
87   0.184879 0.136796
88   0.259035 0.676132
89   0.467877 0.621267
90   0.295323 0.697767
91   0.155511 0.713092
92   0.314384 0.742581
93   0.003018 0.816210
94   0.003904 0.699349
95   0.677062 0.825548
96   0.677062 0.962468
97   0.328691 0.820525
98   0.006291 0.953090
99   0.250345 0.952829
100   0.003904 0.699292
101   0.681087 0.683403
102   0.681087 0.751257
103   0.322830 0.957467
104   0.255666 0.815915
105   0.358372 0.136796
106   0.370121 0.083519
107   0.695383 0.606830
108   0.696149 0.992275
109   0.996999 0.602160
110   0.891257 0.982551
111   0.892608 0.600487
112   0.989442 0.985877
113   0.808815 0.610036
114   0.791865 0.985365
115   0.891257 0.982551
116   0.014028 0.073834
117   0.185186 0.136796
118   0.185206 0.071413
119   0.891257 0.982551
120   0.680022 0.469184
121   0.994544 0.470270
122   0.418699 0.263103
123   0.007042 0.225754
124   0.338446 0.331017
125   0.005030 0.350139
126   0.520726 0.245457
127   0.007042 0.225912
128   0.813443 0.477486
129   0.189378 0.247878
130   0.896223 0.473835
131   0.467308 0.334638
132   0.418421 0.304465
133   0.667993 0.241280
134   0.665981 0.359337
135   0.004279 0.612437
136   0.005165 0.659340
137   0.822367 0.245165
138   0.992412 0.244339
139   0.005030 0.997579
140   0.365612 -0.002421
141   0.187526 0.041404
142   0.187908 -0.002421
143   0.353951 0.041404
144   0.467427 0.418161
145   0.467427 0.418161
146   0.665606 0.444704
147   0.003018 0.433641
148   0.339189 0.417653
149   0.339189 0.417653
150   0.339189 0.417653
151   0.467427 0.418161
152   0.467877 0.621267
153   0.467427 0.418161
154   0.467877 0.621267
155   0.671026 0.645953
156   0.306875 0.609669
157   0.467877 0.621267
158   0.306875 0.609669
159   0.339189 0.417653
160   0.339189 0.417653
161   0.306875 0.609669
162   0.467877 0.621267
163   0.339189 0.417653
164   0.989442 0.985877
165   0.696149 0.992275
166   0.187870 -0.002421
167   0.016202 0.000000
168   0.027018 0.043825
169   0.187407 0.041404
POLYGON
0 v 0 1 2 n 0 1 2 t 0 1 2 
1 v 3 4 5 n 3 4 5 t 3 4 5 
2 v 6 5 7 n 6 5 7 t 6 5 7 
3 v 7 8 9 n 7 8 9 t 7 8 9 
4 v 10 11 12 n 10 11 12 t 10 11 12 
5 v 13 9 14 n 13 9 14 t 13 9 14 
6 v 7 15 8 n 7 15 8 t 7 15 8 
7 v 3 16 17 n 3 16 17 t 3 16 17 
8 v 16 3 6 n 16 3 6 t 16 3 6 
9 v 6 12 16 n 6 12 16 t 6 12 16 
10 v 11 10 18 n 11 10 18 t 11 10 18 
11 v 9 13 19 n 9 13 19 t 9 13 19 
12 v 9 19 7 n 9 19 7 t 9 19 7 
13 v 20 21 2 n 20 21 2 t 20 21 2 
14 v 22 23 24 n 22 23 24 t 22 23 24 
15 v 12 6 10 n 12 6 10 t 12 6 10 
16 v 0 2 21 n 0 2 21 t 0 2 21 
17 v 25 26 4 n 25 26 4 t 25 26 27 
18 v 24 27 28 n 24 27 28 t 24 28 29 
19 v 4 28 27 n 4 28 27 t 30 29 28 
20 v 29 2 1 n 29 2 1 t 31 2 1 
21 v 1 30 29 n 1 30 29 t 1 32 31 
22 v 31 29 30 n 31 29 30 t 33 31 32 
23 v 26 25 22 n 26 25 22 t 26 25 22 
24 v 27 24 23 n 27 24 23 t 28 24 23 
25 v 28 4 26 n 28 4 26 t 29 34 26 
26 v 28 32 24 n 28 32 24 t 29 35 24 
27 v 31 30 20 n 31 30 20 t 33 32 20 
28 v 24 33 22 n 24 33 22 t 24 36 22 
29 v 33 24 32 n 33 24 32 t 36 24 35 
30 v 21 20 30 n 21 20 30 t 21 20 32 
31 v 21 34 0 n 21 34 0 t 21 37 0 
32 v 35 36 37 n 35 36 37 t 38 39 40 
33 v 38 0 34 n 38 0 34 t 41 0 37 
34 v 38 39 0 n 38 39 0 t 41 42 0 
35 v 1 0 39 n 1 0 39 t 1 0 42 
36 v 32 28 40 n 32 28 40 t 35 29 43 
37 v 39 41 1 n 39 41 1 t 42 44 1 
38 v 30 1 41 n 30 1 41 t 32 1 44 
39 v 30 41 21 n 30 41 21 t 32 44 21 
40 v 34 21 41 n 34 21 41 t 37 21 44 
41 v 26 40 28 n 26 40 28 t 26 43 29 
42 v 40 26 42 n 40 26 42 t 43 26 45 
43 v 43 44 34 n 43 44 34 t 46 47 37 
44 v 34 44 38 n 34 44 38 t 37 47 41 
45 v 38 45 39 n 38 45 39 t 41 48 42 
46 v 41 36 34 n 41 36 34 t 44 39 37 
47 v 43 34 36 n 43 34 36 t 46 37 39 
48 v 44 45 38 n 44 45 38 t 47 48 41 
49 v 46 45 44 n 46 45 44 t 49 48 47 
50 v 47 5 48 n 47 5 48 t 50 5 51 
51 v 42 49 40 n 42 49 40 t 45 52 43 
52 v 49 42 50 n 49 42 50 t 52 45 53 
53 v 51 13 14 n 51 13 14 t 54 13 14 
54 v 36 41 37 n 36 41 37 t 39 44 40 
55 v 41 39 37 n 41 39 37 t 44 42 40 
56 v 36 44 43 n 36 44 43 t 39 47 46 
57 v 52 53 54 n 52 53 54 t 55 56 57 
58 v 55 54 53 n 55 54 53 t 58 57 56 
59 v 51 18 13 n 51 18 13 t 54 18 13 
60 v 44 25 46 n 44 25 46 t 47 59 49 
61 v 56 46 25 n 56 46 25 t 60 49 61 
62 v 23 35 57 n 23 35 57 t 62 38 63 
63 v 19 18 10 n 19 18 10 t 19 18 10 
64 v 18 19 13 n 18 19 13 t 18 19 13 
65 v 36 23 44 n 36 23 44 t 39 64 47 
66 v 25 44 23 n 25 44 23 t 65 47 66 
67 v 25 4 56 n 25 4 56 t 67 68 60 
68 v 58 56 4 n 58 56 4 t 69 60 70 
69 v 27 48 5 n 27 48 5 t 71 51 5 
70 v 27 5 4 n 27 5 4 t 72 5 73 
71 v 57 48 23 n 57 48 23 t 63 51 74 
72 v 27 23 48 n 27 23 48 t 75 76 51 
73 v 4 3 58 n 4 3 58 t 77 3 69 
74 v 22 42 26 n 22 42 26 t 22 45 26 
75 v 50 32 49 n 50 32 49 t 53 35 52 
76 v 42 22 33 n 42 22 33 t 45 22 36 
77 v 32 50 33 n 32 50 33 t 35 53 36 
78 v 40 49 32 n 40 49 32 t 43 52 35 
79 v 36 35 23 n 36 35 23 t 39 38 78 
80 v 33 50 42 n 33 50 42 t 36 53 45 
81 v 17 58 3 n 17 58 3 t 17 69 3 
82 v 7 10 6 n 7 10 6 t 7 10 6 
83 v 47 7 5 n 47 7 5 t 50 7 5 
84 v 23 22 25 n 23 22 25 t 79 22 80 
85 v 59 52 60 n 59 52 60 t 81 55 82 
86 v 7 47 15 n 7 47 15 t 7 50 15 
87 v 54 60 52 n 54 60 52 t 57 82 55 
88 v 10 7 19 n 10 7 19 t 10 7 19 
89 v 5 6 3 n 5 6 3 t 5 6 3 
90 v 61 53 59 n 61 53 59 t 83 56 81 
91 v 62 61 60 n 62 61 60 t 84 83 82 
92 v 59 60 61 n 59 60 61 t 81 82 83 
93 v 54 55 60 n 54 55 60 t 57 58 82 
94 v 62 60 55 n 62 60 55 t 84 82 58 
95 v 52 59 53 n 52 59 53 t 55 81 56 
96 v 18 51 11 n 18 51 11 t 18 54 11 
97 v 55 20 62 n 55 20 62 t 58 20 84 
98 v 2 62 20 n 2 62 20 t 2 84 20 
99 v 2 29 62 n 2 29 62 t 2 31 84 
100 v 61 62 29 n 61 62 29 t 83 84 31 
101 v 29 31 61 n 29 31 61 t 31 33 83 
102 v 53 61 31 n 53 61 31 t 56 83 33 
103 v 53 31 55 n 53 31 55 t 56 33 58 
104 v 20 55 31 n 20 55 31 t 20 58 33 
105 v 63 64 65 n 63 64 65 t 85 86 87 
106 v 66 67 68 n 66 67 68 t 88 89 90 
107 v 69 66 70 n 69 66 70 t 91 88 92 
108 v 71 72 69 n 71 72 69 t 93 94 91 
109 v 73 74 75 n 73 74 75 t 95 96 97 
110 v 76 71 77 n 76 71 77 t 98 93 99 
111 v 72 78 69 n 72 78 69 t 94 100 91 
112 v 79 80 68 n 79 80 68 t 101 102 90 
113 v 70 68 80 n 70 68 80 t 92 90 102 
114 v 80 73 70 n 80 73 70 t 102 95 92 
115 v 81 75 74 n 81 75 74 t 103 97 96 
116 v 82 77 71 n 82 77 71 t 104 99 93 
117 v 69 82 71 n 69 82 71 t 91 104 93 
118 v 63 83 84 n 63 83 84 t 85 105 106 
119 v 85 86 87 n 85 86 87 t 107 108 109 
120 v 75 70 73 n 75 70 73 t 97 92 95 
121 v 83 63 65 n 83 63 65 t 105 85 87 
122 v 67 88 89 n 67 88 89 t 110 111 112 
123 v 90 91 85 n 90 91 85 t 113 114 107 
124 v 91 90 67 n 91 90 67 t 114 113 115 
125 v 64 63 92 n 64 63 92 t 86 85 116 
126 v 92 93 64 n 92 93 64 t 116 117 86 
127 v 93 92 94 n 93 92 94 t 117 116 118 
128 v 87 89 88 n 87 89 88 t 109 112 111 
129 v 86 85 91 n 86 85 91 t 108 107 114 
130 v 88 67 90 n 88 67 90 t 111 119 113 
131 v 85 95 90 n 85 95 90 t 107 120 113 
132 v 84 93 94 n 84 93 94 t 106 117 118 
133 v 87 96 85 n 87 96 85 t 109 121 107 
134 v 95 85 96 n 95 85 96 t 120 107 121 
135 v 93 84 83 n 93 84 83 t 117 106 105 
136 v 65 97 83 n 65 97 83 t 87 122 105 
137 v 98 99 100 n 98 99 100 t 123 124 125 
138 v 97 65 101 n 97 65 101 t 122 87 126 
139 v 65 102 101 n 65 102 101 t 87 127 126 
140 v 102 65 64 n 102 65 64 t 127 87 86 
141 v 103 90 95 n 103 90 95 t 128 113 120 
142 v 64 104 102 n 64 104 102 t 86 129 127 
143 v 104 64 93 n 104 64 93 t 129 86 117 
144 v 83 104 93 n 83 104 93 t 105 129 117 
145 v 104 83 97 n 104 83 97 t 129 105 122 
146 v 90 103 88 n 90 103 88 t 113 128 111 
147 v 105 88 103 n 105 88 103 t 130 111 128 
148 v 97 106 107 n 97 106 107 t 122 131 132 
149 v 101 106 97 n 101 106 97 t 126 131 122 
150 v 102 108 101 n 102 108 101 t 127 133 126 
151 v 97 99 104 n 97 99 104 t 122 124 129 
152 v 99 97 107 n 99 97 107 t 124 122 132 
153 v 101 108 106 n 101 108 106 t 126 133 131 
154 v 106 108 109 n 106 108 109 t 131 133 134 
155 v 110 66 111 n 110 66 111 t 135 88 136 
156 v 103 112 105 n 103 112 105 t 128 137 130 
157 v 113 105 112 n 113 105 112 t 138 130 137 
158 v 76 77 114 n 76 77 114 t 98 99 139 
159 v 98 104 99 n 98 104 99 t 123 129 124 
160 v 98 102 104 n 98 102 104 t 123 127 129 
161 v 107 106 99 n 107 106 99 t 132 131 124 
162 v 115 116 117 n 115 116 117 t 140 141 142 
163 v 116 115 118 n 116 115 118 t 141 140 143 
164 v 77 81 114 n 77 81 114 t 99 103 139 
165 v 109 89 106 n 109 89 106 t 134 144 131 
166 v 89 109 119 n 89 109 119 t 145 134 146 
167 v 120 100 86 n 120 100 86 t 147 125 148 
168 v 75 81 82 n 75 81 82 t 97 103 104 
169 v 77 82 81 n 77 82 81 t 99 104 103 
170 v 106 86 99 n 106 86 99 t 131 149 124 
171 v 86 106 89 n 86 106 89 t 150 131 151 
172 v 119 67 89 n 119 67 89 t 146 152 153 
173 v 67 119 121 n 67 119 121 t 154 146 155 
174 v 66 110 91 n 66 110 91 t 88 135 156 
175 v 67 66 91 n 67 66 91 t 157 88 158 
176 v 86 110 120 n 86 110 120 t 159 135 147 
177 v 110 86 91 n 110 86 91 t 135 160 161 
178 v 121 68 67 n 121 68 67 t 155 90 162 
179 v 88 105 87 n 88 105 87 t 111 130 109 
180 v 112 95 113 n 112 95 113 t 137 120 138 
181 v 96 87 105 n 96 87 105 t 121 109 130 
182 v 96 113 95 n 96 113 95 t 121 138 120 
183 v 95 112 103 n 95 112 103 t 120 137 128 
184 v 86 100 99 n 86 100 99 t 163 125 124 
185 v 105 113 96 n 105 113 96 t 130 138 121 
186 v 68 121 79 n 68 121 79 t 90 155 101 
187 v 70 75 69 n 70 75 69 t 92 97 91 
188 v 66 69 111 n 66 69 111 t 88 91 136 
189 v 89 87 86 n 89 87 86 t 164 109 165 
190 v 122 117 123 n 122 117 123 t 166 142 167 
191 v 78 111 69 n 78 111 69 t 100 136 91 
192 v 117 122 115 n 117 122 115 t 142 166 140 
193 v 82 69 75 n 82 69 75 t 104 91 97 
194 v 68 70 66 n 68 70 66 t 90 92 88 
195 v 123 116 124 n 123 116 124 t 167 141 168 
196 v 122 124 125 n 122 124 125 t 166 168 169 
197 v 124 122 123 n 124 122 123 t 168 166 167 
198 v 122 118 115 n 122 118 115 t 166 143 140 
199 v 118 122 125 n 118 122 125 t 143 166 169 
200 v 116 123 117 n 116 123 117 t 141 167 142 
201 v 74 114 81 n 74 114 81 t 96 139 103 
202 v 125 84 118 n 125 84 118 t 169 106 143 
203 v 84 125 63 n 84 125 63 t 106 169 85 
204 v 125 92 63 n 125 92 63 t 169 116 85 
205 v 92 125 124 n 92 125 124 t 116 169 168 
206 v 124 94 92 n 124 94 92 t 168 118 116 
207 v 94 124 116 n 94 124 116 t 118 168 141 
208 v 118 94 116 n 118 94 116 t 143 118 141 
209 v 94 118 84 n 94 118 84 t 118 143 106 
OBJECT_END

OBJECT_START XJLAN_SLAN v4 n4 t4 p2
USES_MATERIAL 1 Green
VERTEX world
0   -0.854562 0.251579 0.086439
1   -0.854562 1.010232 0.083128
2   -0.138407 1.010232 0.083128
3   -0.138407 0.251579 0.086439
COLOR
0   0 255 0 1
1   0 255 255 1
2   0 255 255 1
3   0 255 0 1
4   0 255 0 1
5   0 255 255 1
NORMAL
0   0.000000 -0.004365 -0.999990
1   0.000000 -0.004365 -0.999990
2   0.000000 -0.004365 -0.999990
3   0.000000 -0.004365 -0.999990
TEXCOORD
0   0.000000 0.000000
1   0.000000 1.000000
2   1.000000 1.000000
3   1.000000 0.000000
POLYGON
0 v 0 1 2 n 0 1 2 t 0 1 2 
1 v 3 0 2 n 3 0 2 t 3 0 2 
OBJECT_END

OBJECT_START XJRHI_SRHI v4 n4 t4 p2
USES_MATERIAL 1 Green
VERTEX world
0   -0.854562 0.217787 2.329214
1   -0.854562 -0.532999 2.438057
2   -0.138407 -0.532999 2.438057
3   -0.138407 0.217787 2.329214
COLOR
0   0 255 0 1
1   0 255 0 1
2   0 255 0 1
3   0 255 0 1
4   0 255 0 1
5   0 255 0 1
NORMAL
0   0.000000 0.143473 0.989654
1   0.000000 0.143473 0.989654
2   0.000000 0.143473 0.989654
3   0.000000 0.143473 0.989654
TEXCOORD
0   0.000000 1.000000
1   0.000000 0.000000
2   1.000000 0.000000
3   1.000000 1.000000
POLYGON
0 v 0 1 2 n 0 1 2 t 0 1 2 
1 v 3 0 2 n 3 0 2 t 3 0 2 
OBJECT_END

OBJECT_START XJRAN v4 n4 t4 p2
USES_MATERIAL 1 Green
VERTEX world
0   -0.980538 0.145698 0.203051
1   -0.980538 0.119755 0.119421
2   -0.012430 0.119755 0.119421
3   -0.012430 0.145698 0.203051
COLOR
0   0 255 0 1
1   0 255 0 1
2   0 255 0 1
3   0 255 0 1
4   0 255 0 1
5   0 255 0 1
NORMAL
0   0.000000 -0.955100 0.296284
1   0.000000 -0.955100 0.296284
2   0.000000 -0.955100 0.296284
3   0.000000 -0.955100 0.296284
TEXCOORD
0   0.000000 1.000000
1   0.000000 0.000000
2   1.000000 0.000000
3   1.000000 1.000000
POLYGON
0 v 0 1 2 n 0 1 2 t 0 1 2 
1 v 3 0 2 n 3 0 2 t 3 0 2 
OBJECT_END

OBJECT_START JABDOMEN01 v8 n8 t8 p12
USES_MATERIAL 1 Green
VERTEX world
0   -0.708202 0.332310 3.728087
1   -0.708202 0.332310 3.662653
2   -0.708202 0.227628 3.662653
3   -0.708202 0.227628 3.728087
4   -0.773636 0.332310 3.662653
5   -0.773636 0.227628 3.662653
6   -0.773636 0.332310 3.728087
7   -0.773636 0.227628 3.728087
COLOR
0   0 255 0 1
1   0 255 255 1
2   0 255 255 1
3   0 255 0 1
4   0 255 0 1
5   0 255 255 1
6   0 255 255 1
7   0 255 255 1
8   0 255 255 1
9   0 255 255 1
10   0 255 255 1
11   0 255 255 1
12   0 255 0 1
13   0 255 255 1
14   0 255 255 1
15   0 255 0 1
16   0 255 0 1
17   0 255 255 1
18   0 255 0 1
19   0 255 0 1
20   0 255 0 1
21   0 255 0 1
22   0 255 0 1
23   0 255 0 1
24   0 255 255 1
25   0 255 0 1
26   0 255 0 1
27   0 255 255 1
28   0 255 255 1
29   0 255 0 1
30   0 255 0 1
31   0 255 0 1
32   0 255 255 1
33   0 255 255 1
34   0 255 0 1
35   0 255 255 1
NORMAL
0   -0.666667 -0.333333 -0.666667
1   -0.408248 -0.816497 0.408248
2   -0.666667 0.333333 0.666667
3   -0.408248 0.816497 -0.408248
4   0.408248 -0.408248 0.816497
5   0.666667 0.666667 0.333333
6   0.666667 -0.666667 -0.333333
7   0.408248 0.408248 -0.816497
TEXCOORD
0   1.000000 1.000000
1   1.000000 1.000000
2   1.000000 0.000000
3   1.000000 0.000000
4   0.000000 1.000000
5   0.000000 0.000000
6   0.000000 1.000000
7   0.000000 0.000000
POLYGON
0 v 0 1 2 n 0 1 2 t 0 1 2 
1 v 3 0 2 n 3 0 2 t 3 0 2 
2 v 4 5 2 n 4 5 2 t 4 5 2 
3 v 1 4 2 n 1 4 2 t 1 4 2 
4 v 6 4 1 n 6 4 1 t 6 4 1 
5 v 0 6 1 n 0 6 1 t 0 6 1 
6 v 7 6 0 n 7 6 0 t 7 6 0 
7 v 3 7 0 n 3 7 0 t 3 7 0 
8 v 5 7 3 n 5 7 3 t 5 7 3 
9 v 2 5 3 n 2 5 3 t 2 5 3 
10 v 6 7 5 n 6 7 5 t 6 7 5 
11 v 4 6 5 n 4 6 5 t 4 6 5 
OBJECT_END

OBJECT_START XJRWR_SRWR v4 n4 t4 p2
USES_MATERIAL 1 Green
VERTEX world
0   0.128191 -2.138362 4.088748
1   -0.830319 -2.138362 4.088748
2   -0.830319 -2.138362 5.104094
3   0.128191 -2.138362 5.104094
COLOR
0   0 255 255 1
1   0 255 255 1
2   0 255 0 1
3   0 255 255 1
4   0 255 0 1
5   0 255 0 1
NORMAL
0   0.000000 1.000000 0.000000
1   0.000000 1.000000 0.000000
2   0.000000 1.000000 0.000000
3   0.000000 1.000000 0.000000
TEXCOORD
0   1.000000 0.000000
1   0.000000 0.000000
2   0.000000 1.000000
3   1.000000 1.000000
POLYGON
0 v 0 1 2 n 0 1 2 t 0 1 2 
1 v 0 2 3 n 0 2 3 t 0 2 3 
OBJECT_END

OBJECT_START XJRHI v4 n4 t4 p2
USES_MATERIAL 1 Green
VERTEX world
0   0.153017 -0.597287 2.581869
1   -1.223591 -0.597287 2.581869
2   -1.223591 -0.691226 3.159645
3   0.153017 -0.691226 3.159645
COLOR
0   0 255 255 1
1   0 255 255 1
2   0 255 0 1
3   0 255 255 1
4   0 255 0 1
5   0 255 0 1
NORMAL
0   0.000000 0.987039 0.160481
1   0.000000 0.987039 0.160481
2   0.000000 0.987039 0.160481
3   0.000000 0.987039 0.160481
TEXCOORD
0   1.000000 0.000000
1   0.000000 0.000000
2   0.000000 1.000000
3   1.000000 1.000000
POLYGON
0 v 0 1 2 n 0 1 2 t 0 1 2 
1 v 0 2 3 n 0 2 3 t 0 2 3 
OBJECT_END

OBJECT_START XSRKN v4 n4 t4 p2
USES_MATERIAL 1 Green
VERTEX world
0   -0.980548 0.142779 1.385600
1   -0.980548 0.109089 0.312522
2   -0.012420 0.109089 0.312522
3   -0.012420 0.142779 1.385600
COLOR
0   0 255 255 1
1   0 255 255 1
2   0 255 255 1
3   0 255 255 1
4   0 255 255 1
5   0 255 255 1
NORMAL
0   0.000000 -0.998824 0.031359
1   0.000000 -0.998824 0.031359
2   0.000000 -0.998824 0.031359
3   0.000000 -0.998824 0.031359
TEXCOORD
0   0.000000 1.000000
1   0.000000 0.000000
2   1.000000 0.000000
3   1.000000 1.000000
POLYGON
0 v 0 1 2 n 0 1 2 t 0 1 2 
1 v 3 0 2 n 3 0 2 t 3 0 2 
OBJECT_END

OBJECT_START JRANKLE_01 v8 n8 t8 p12
USES_MATERIAL 1 Green
VERTEX world
0   -0.723225 -0.046367 0.132483
1   -0.723225 -0.046367 0.082358
2   -0.723225 -0.126581 0.082358
3   -0.723225 -0.126581 0.132483
4   -0.773350 -0.046367 0.082358
5   -0.773350 -0.126581 0.082358
6   -0.773350 -0.046367 0.132483
7   -0.773350 -0.126581 0.132483
COLOR
0   0 255 192 1
1   0 255 8 1
2   0 255 8 1
3   0 255 192 1
4   0 255 192 1
5   0 255 8 1
6   0 255 8 1
7   0 255 8 1
8   0 255 8 1
9   0 255 8 1
10   0 255 8 1
11   0 255 8 1
12   0 255 192 1
13   0 255 8 1
14   0 255 8 1
15   0 255 192 1
16   0 255 192 1
17   0 255 8 1
18   0 255 192 1
19   0 255 192 1
20   0 255 192 1
21   0 255 192 1
22   0 255 192 1
23   0 255 192 1
24   0 255 8 1
25   0 255 192 1
26   0 255 192 1
27   0 255 8 1
28   0 255 8 1
29   0 255 192 1
30   0 255 192 1
31   0 255 192 1
32   0 255 8 1
33   0 255 8 1
34   0 255 192 1
35   0 255 8 1
NORMAL
0   -0.870273 -0.435137 -0.870273
1   -0.532931 -1.065862 0.532931
2   -0.870273 0.435137 0.870273
3   -0.532931 1.065862 -0.532931
4   0.532931 -0.532931 1.065862
5   0.870273 0.870273 0.435137
6   0.870273 -0.870273 -0.435137
7   0.532931 0.532931 -1.065862
TEXCOORD
0   1.000000 1.000000
1   1.000000 1.000000
2   1.000000 0.000000
3   1.000000 0.000000
4   0.000000 1.000000
5   0.000000 0.000000
6   0.000000 1.000000
7   0.000000 0.000000
POLYGON
0 v 0 1 2 n 0 1 2 t 0 1 2 
1 v 3 0 2 n 3 0 2 t 3 0 2 
2 v 4 5 2 n 4 5 2 t 4 5 2 
3 v 1 4 2 n 1 4 2 t 1 4 2 
4 v 6 4 1 n 6 4 1 t 6 4 1 
5 v 0 6 1 n 0 6 1 t 0 6 1 
6 v 7 6 0 n 7 6 0 t 7 6 0 
7 v 3 7 0 n 3 7 0 t 3 7 0 
8 v 5 7 3 n 5 7 3 t 5 7 3 
9 v 2 5 3 n 2 5 3 t 2 5 3 
10 v 6 7 5 n 6 7 5 t 6 7 5 
11 v 4 6 5 n 4 6 5 t 4 6 5 
OBJECT_END

OBJECT_START XJRKN v4 n4 t4 p2
USES_MATERIAL 1 Green
VERTEX world
0   -0.980538 0.133689 1.607287
1   -0.980538 0.107746 1.453119
2   -0.012430 0.107746 1.453119
3   -0.012430 0.133689 1.607287
COLOR
0   0 255 255 1
1   0 255 0 1
2   0 255 0 1
3   0 255 255 1
4   0 255 255 1
5   0 255 0 1
NORMAL
0   0.000000 -0.986135 0.165946
1   0.000000 -0.986135 0.165946
2   0.000000 -0.986135 0.165946
3   0.000000 -0.986135 0.165946
TEXCOORD
0   0.000000 1.000000
1   0.000000 0.000000
2   1.000000 0.000000
3   1.000000 1.000000
POLYGON
0 v 0 1 2 n 0 1 2 t 0 1 2 
1 v 3 0 2 n 3 0 2 t 3 0 2 
OBJECT_END

OBJECT_START JRHIP_YE01 v8 n8 t8 p12
USES_MATERIAL 1 Green
VERTEX world
0   -0.515262 -0.007034 2.694607
1   -0.515262 -0.007034 2.629173
2   -0.515262 -0.111717 2.629173
3   -0.515262 -0.111717 2.694607
4   -0.580696 -0.007034 2.629173
5   -0.580696 -0.111717 2.629173
6   -0.580696 -0.007034 2.694607
7   -0.580696 -0.111717 2.694607
COLOR
0   0 255 255 1
1   0 255 0 1
2   0 255 0 1
3   0 255 255 1
4   0 255 255 1
5   0 255 0 1
6   0 255 0 1
7   0 255 0 1
8   0 255 0 1
9   0 255 0 1
10   0 255 0 1
11   0 255 0 1
12   0 255 255 1
13   0 255 0 1
14   0 255 0 1
15   0 255 255 1
16   0 255 255 1
17   0 255 0 1
18   0 255 255 1
19   0 255 255 1
20   0 255 255 1
21   0 255 255 1
22   0 255 255 1
23   0 255 255 1
24   0 255 0 1
25   0 255 255 1
26   0 255 255 1
27   0 255 0 1
28   0 255 0 1
29   0 255 255 1
30   0 255 255 1
31   0 255 255 1
32   0 255 0 1
33   0 255 0 1
34   0 255 255 1
35   0 255 0 1
NORMAL
0   -0.666667 -0.333333 -0.666667
1   -0.408248 -0.816497 0.408248
2   -0.666667 0.333333 0.666667
3   -0.408248 0.816497 -0.408248
4   0.408248 -0.408248 0.816497
5   0.666667 0.666667 0.333333
6   0.666667 -0.666667 -0.333333
7   0.408248 0.408248 -0.816497
TEXCOORD
0   1.000000 1.000001
1   1.000000 -0.000001
2   0.000000 -0.000001
3   0.000000 1.000001
4   1.000000 -0.000001
5   0.000000 -0.000001
6   1.000000 1.000001
7   0.000000 1.000001
POLYGON
0 v 0 1 2 n 0 1 2 t 0 1 2 
1 v 3 0 2 n 3 0 2 t 3 0 2 
2 v 4 5 2 n 4 5 2 t 4 5 2 
3 v 1 4 2 n 1 4 2 t 1 4 2 
4 v 6 4 1 n 6 4 1 t 6 4 1 
5 v 0 6 1 n 0 6 1 t 0 6 1 
6 v 7 6 0 n 7 6 0 t 7 6 0 
7 v 3 7 0 n 3 7 0 t 3 7 0 
8 v 5 7 3 n 5 7 3 t 5 7 3 
9 v 2 5 3 n 2 5 3 t 2 5 3 
10 v 6 7 5 n 6 7 5 t 6 7 5 
11 v 4 6 5 n 4 6 5 t 4 6 5 
OBJECT_END

OBJECT_START XSLAN v4 n4 t4 p2
USES_MATERIAL 1 Green
VERTEX world
0   -0.980538 0.289156 0.079468
1   -0.980538 0.263213 -0.004161
2   -0.012430 0.263213 -0.004161
3   -0.012430 0.289156 0.079468
COLOR
0   0 255 255 1
1   0 255 0 1
2   0 255 0 1
3   0 255 255 1
4   0 255 255 1
5   0 255 0 1
NORMAL
0   0.000000 -0.955099 0.296287
1   0.000000 -0.955099 0.296287
2   0.000000 -0.955099 0.296287
3   0.000000 -0.955099 0.296287
TEXCOORD
0   0.000000 1.000000
1   0.000000 0.000000
2   1.000000 0.000000
3   1.000000 1.000000
POLYGON
0 v 0 1 2 n 0 1 2 t 0 1 2 
1 v 3 0 2 n 3 0 2 t 3 0 2 
OBJECT_END

OBJECT_START JBUTT_YE01 v8 n8 t8 p12
USES_MATERIAL 1 Green
VERTEX world
0   -0.795065 0.292608 3.260593
1   -0.795065 0.292608 3.195160
2   -0.795065 0.187927 3.195160
3   -0.795065 0.187927 3.260593
4   -0.860499 0.292608 3.195160
5   -0.860499 0.187927 3.195160
6   -0.860499 0.292608 3.260593
7   -0.860499 0.187927 3.260593
COLOR
0   0 255 0 1
1   0 255 255 1
2   0 255 255 1
3   0 255 0 1
4   0 255 0 1
5   0 255 255 1
6   0 255 255 1
7   0 255 255 1
8   0 255 255 1
9   0 255 255 1
10   0 255 255 1
11   0 255 255 1
12   0 255 0 1
13   0 255 255 1
14   0 255 255 1
15   0 255 0 1
16   0 255 0 1
17   0 255 255 1
18   0 255 0 1
19   0 255 0 1
20   0 255 0 1
21   0 255 0 1
22   0 255 0 1
23   0 255 0 1
24   0 255 255 1
25   0 255 0 1
26   0 255 0 1
27   0 255 255 1
28   0 255 255 1
29   0 255 0 1
30   0 255 0 1
31   0 255 0 1
32   0 255 255 1
33   0 255 255 1
34   0 255 0 1
35   0 255 255 1
NORMAL
0   -0.666667 -0.333333 -0.666667
1   -0.408248 -0.816497 0.408248
2   -0.666667 0.333333 0.666667
3   -0.408248 0.816497 -0.408248
4   0.408248 -0.408248 0.816497
5   0.666667 0.666667 0.333333
6   0.666667 -0.666667 -0.333333
7   0.408248 0.408248 -0.816497
TEXCOORD
0   1.000000 1.000000
1   1.000000 1.000000
2   1.000000 0.000000
3   1.000000 0.000000
4   0.000000 1.000000
5   0.000000 0.000000
6   0.000000 1.000000
7   0.000000 0.000000
POLYGON
0 v 0 1 2 n 0 1 2 t 0 1 2 
1 v 3 0 2 n 3 0 2 t 3 0 2 
2 v 4 5 2 n 4 5 2 t 4 5 2 
3 v 1 4 2 n 1 4 2 t 1 4 2 
4 v 6 4 1 n 6 4 1 t 6 4 1 
5 v 0 6 1 n 0 6 1 t 0 6 1 
6 v 7 6 0 n 7 6 0 t 7 6 0 
7 v 3 7 0 n 3 7 0 t 3 7 0 
8 v 5 7 3 n 5 7 3 t 5 7 3 
9 v 2 5 3 n 2 5 3 t 2 5 3 
10 v 6 7 5 n 6 7 5 t 6 7 5 
11 v 4 6 5 n 4 6 5 t 4 6 5 
OBJECT_END

OBJECT_START XJLSH v4 n4 t4 p2
USES_MATERIAL 1 Green
VERTEX world
0   -0.255900 1.107980 4.895890
1   -0.700555 1.107980 4.895890
2   -0.700555 0.778599 4.989572
3   -0.255900 0.778599 4.989572
COLOR
0   0 255 0 1
1   0 255 0 1
2   0 255 255 1
3   0 255 0 1
4   0 255 255 1
5   0 255 255 1
NORMAL
0   0.000000 0.273570 0.961852
1   0.000000 0.273570 0.961852
2   0.000000 0.273570 0.961852
3   0.000000 0.273570 0.961852
TEXCOORD
0   1.000000 1.000000
1   0.000000 1.000000
2   0.000000 0.000000
3   1.000000 0.000000
POLYGON
0 v 0 1 2 n 0 1 2 t 0 1 2 
1 v 0 2 3 n 0 2 3 t 0 2 3 
OBJECT_END

OBJECT_START JLHIP_YE01 v8 n8 t8 p12
USES_MATERIAL 1 Green
VERTEX world
0   -0.512328 0.506477 2.652287
1   -0.512328 0.506477 2.586853
2   -0.512328 0.401796 2.586853
3   -0.512328 0.401796 2.652287
4   -0.577762 0.506477 2.586853
5   -0.577762 0.401796 2.586853
6   -0.577762 0.506477 2.652287
7   -0.577762 0.401796 2.652287
COLOR
0   0 255 2 1
1   0 255 255 1
2   0 255 255 1
3   0 255 2 1
4   0 255 2 1
5   0 255 255 1
6   0 255 255 1
7   0 255 255 1
8   0 255 255 1
9   0 255 255 1
10   0 255 255 1
11   0 255 255 1
12   0 255 2 1
13   0 255 255 1
14   0 255 255 1
15   0 255 2 1
16   0 255 2 1
17   0 255 255 1
18   0 255 2 1
19   0 255 2 1
20   0 255 2 1
21   0 255 2 1
22   0 255 2 1
23   0 255 2 1
24   0 255 255 1
25   0 255 2 1
26   0 255 2 1
27   0 255 255 1
28   0 255 255 1
29   0 255 2 1
30   0 255 2 1
31   0 255 2 1
32   0 255 255 1
33   0 255 255 1
34   0 255 2 1
35   0 255 255 1
NORMAL
0   -0.666667 -0.333333 -0.666667
1   -0.408248 -0.816497 0.408248
2   -0.666667 0.333333 0.666667
3   -0.408248 0.816497 -0.408248
4   0.408248 -0.408248 0.816497
5   0.666667 0.666667 0.333333
6   0.666667 -0.666667 -0.333333
7   0.408248 0.408248 -0.816497
TEXCOORD
0   1.000000 1.000000
1   1.000000 -0.000001
2   0.000000 -0.000001
3   0.000000 1.000000
4   1.000000 -0.000001
5   0.000000 -0.000001
6   1.000000 1.000000
7   0.000000 1.000000
POLYGON
0 v 0 1 2 n 0 1 2 t 0 1 2 
1 v 3 0 2 n 3 0 2 t 3 0 2 
2 v 4 5 2 n 4 5 2 t 4 5 2 
3 v 1 4 2 n 1 4 2 t 1 4 2 
4 v 6 4 1 n 6 4 1 t 6 4 1 
5 v 0 6 1 n 0 6 1 t 0 6 1 
6 v 7 6 0 n 7 6 0 t 7 6 0 
7 v 3 7 0 n 3 7 0 t 3 7 0 
8 v 5 7 3 n 5 7 3 t 5 7 3 
9 v 2 5 3 n 2 5 3 t 2 5 3 
10 v 6 7 5 n 6 7 5 t 6 7 5 
11 v 4 6 5 n 4 6 5 t 4 6 5 
OBJECT_END

OBJECT_START XJLWR_SLWR v4 n4 t4 p2
USES_MATERIAL 1 Green
VERTEX world
0   0.262143 2.664870 4.028438
1   -0.696365 2.664870 4.028438
2   -0.696365 2.664870 5.043785
3   0.262143 2.664870 5.043785
COLOR
0   0 255 255 1
1   0 255 255 1
2   0 255 255 1
3   0 255 255 1
4   0 255 255 1
5   0 255 255 1
NORMAL
0   0.000000 1.000000 0.000000
1   0.000000 1.000000 0.000000
2   0.000000 1.000000 0.000000
3   0.000000 1.000000 0.000000
TEXCOORD
0   1.000000 0.000000
1   0.000000 0.000000
2   0.000000 1.000000
3   1.000000 1.000000
POLYGON
0 v 0 1 2 n 0 1 2 t 0 1 2 
1 v 0 2 3 n 0 2 3 t 0 2 3 
OBJECT_END

OBJECT_START XSLSH v4 n4 t4 p2
USES_MATERIAL 1 Green
VERTEX world
0   -0.336233 1.643541 4.190981
1   -0.760701 1.643541 4.190981
2   -0.760701 1.193860 4.190981
3   -0.336233 1.193860 4.190981
COLOR
0   0 255 0 1
1   0 255 0 1
2   0 255 0 1
3   0 255 0 1
4   0 255 0 1
5   0 255 0 1
NORMAL
0   0.000000 0.000000 1.000000
1   0.000000 0.000000 1.000000
2   0.000000 0.000000 1.000000
3   0.000000 0.000000 1.000000
TEXCOORD
0   1.000000 1.000000
1   0.000000 1.000000
2   0.000000 0.000000
3   1.000000 0.000000
POLYGON
0 v 0 1 2 n 0 1 2 t 0 1 2 
1 v 0 2 3 n 0 2 3 t 0 2 3 
OBJECT_END

OBJECT_START XJLSH_SABD v4 n4 t4 p2
USES_MATERIAL 1 Green
VERTEX world
0   -0.028075 0.903008 4.033573
1   -0.964894 0.903008 4.033573
2   -0.964894 0.671348 4.998553
3   -0.028075 0.671348 4.998553
COLOR
0   0 255 0 1
1   0 255 0 1
2   0 255 0 1
3   0 255 0 1
4   0 255 0 1
5   0 255 0 1
NORMAL
0   0.000000 0.972372 0.233435
1   0.000000 0.972372 0.233435
2   0.000000 0.972372 0.233435
3   0.000000 0.972372 0.233435
TEXCOORD
0   1.000000 0.000000
1   0.000000 0.000000
2   0.000000 1.000000
3   1.000000 1.000000
POLYGON
0 v 0 1 2 n 0 1 2 t 0 1 2 
1 v 0 2 3 n 0 2 3 t 0 2 3 
OBJECT_END

OBJECT_START JRSHLDR_01 v8 n8 t8 p12
USES_MATERIAL 1 Green
VERTEX world
0   -0.530150 -0.266712 4.671252
1   -0.530150 -0.266711 4.605818
2   -0.530150 -0.371424 4.605818
3   -0.530150 -0.371424 4.671252
4   -0.595584 -0.266711 4.605818
5   -0.595584 -0.371424 4.605818
6   -0.595584 -0.266712 4.671252
7   -0.595584 -0.371424 4.671252
COLOR
0   0 255 0 1
1   0 255 0 1
2   0 255 0 1
3   0 255 0 1
4   0 255 0 1
5   0 255 0 1
6   0 255 0 1
7   0 255 0 1
8   0 255 0 1
9   0 255 0 1
10   0 255 0 1
11   0 255 0 1
12   0 255 0 1
13   0 255 0 1
14   0 255 0 1
15   0 255 0 1
16   0 255 0 1
17   0 255 0 1
18   0 255 0 1
19   0 255 0 1
20   0 255 0 1
21   0 255 0 1
22   0 255 0 1
23   0 255 0 1
24   0 255 0 1
25   0 255 0 1
26   0 255 0 1
27   0 255 0 1
28   0 255 0 1
29   0 255 0 1
30   0 255 0 1
31   0 255 0 1
32   0 255 0 1
33   0 255 0 1
34   0 255 0 1
35   0 255 0 1
NORMAL
0   -0.666664 -0.333332 -0.666669
1   -0.408250 -0.816501 0.408238
2   -0.666667 0.333333 0.666667
3   -0.408248 0.816497 -0.408248
4   0.408250 -0.408250 0.816495
5   0.666667 0.666667 0.333333
6   0.666664 -0.666664 -0.333342
7   0.408248 0.408248 -0.816497
TEXCOORD
0   1.000000 0.999991
1   1.000000 1.000000
2   1.000000 0.000000
3   1.000000 0.000000
4   0.000000 1.000000
5   0.000000 0.000000
6   0.000000 0.999991
7   0.000000 0.000000
POLYGON
0 v 0 1 2 n 0 1 2 t 0 1 2 
1 v 3 0 2 n 3 0 2 t 3 0 2 
2 v 4 5 2 n 4 5 2 t 4 5 2 
3 v 1 4 2 n 1 4 2 t 1 4 2 
4 v 6 4 1 n 6 4 1 t 6 4 1 
5 v 0 6 1 n 0 6 1 t 0 6 1 
6 v 7 6 0 n 7 6 0 t 7 6 0 
7 v 3 7 0 n 3 7 0 t 3 7 0 
8 v 5 7 3 n 5 7 3 t 5 7 3 
9 v 2 5 3 n 2 5 3 t 2 5 3 
10 v 6 7 5 n 6 7 5 t 6 7 5 
11 v 4 6 5 n 4 6 5 t 4 6 5 
OBJECT_END

OBJECT_START JLWRIST_01 v8 n8 t8 p12
USES_MATERIAL 1 Green
VERTEX world
0   -0.243998 2.613131 4.548759
1   -0.243998 2.613131 4.483325
2   -0.243998 2.508450 4.483325
3   -0.243998 2.508450 4.548759
4   -0.309432 2.613131 4.483325
5   -0.309432 2.508450 4.483325
6   -0.309432 2.613131 4.548759
7   -0.309432 2.508450 4.548759
COLOR
0   0 255 255 1
1   0 255 255 1
2   0 255 255 1
3   0 255 255 1
4   0 255 255 1
5   0 255 255 1
6   0 255 255 1
7   0 255 255 1
8   0 255 255 1
9   0 255 255 1
10   0 255 255 1
11   0 255 255 1
12   0 255 255 1
13   0 255 255 1
14   0 255 255 1
15   0 255 255 1
16   0 255 255 1
17   0 255 255 1
18   0 255 255 1
19   0 255 255 1
20   0 255 255 1
21   0 255 255 1
22   0 255 255 1
23   0 255 255 1
24   0 255 255 1
25   0 255 255 1
26   0 255 255 1
27   0 255 255 1
28   0 255 255 1
29   0 255 255 1
30   0 255 255 1
31   0 255 255 1
32   0 255 255 1
33   0 255 255 1
34   0 255 255 1
35   0 255 255 1
NORMAL
0   -0.666667 -0.333333 -0.666667
1   -0.408248 -0.816497 0.408248
2   -0.666667 0.333333 0.666667
3   -0.408248 0.816497 -0.408248
4   0.408248 -0.408248 0.816497
5   0.666667 0.666667 0.333333
6   0.666667 -0.666667 -0.333333
7   0.408248 0.408248 -0.816497
TEXCOORD
0   1.000000 1.000000
1   1.000000 1.000000
2   1.000000 0.000000
3   1.000000 0.000000
4   0.000000 1.000000
5   0.000000 0.000000
6   0.000000 1.000000
7   0.000000 0.000000
POLYGON
0 v 0 1 2 n 0 1 2 t 0 1 2 
1 v 3 0 2 n 3 0 2 t 3 0 2 
2 v 4 5 2 n 4 5 2 t 4 5 2 
3 v 1 4 2 n 1 4 2 t 1 4 2 
4 v 6 4 1 n 6 4 1 t 6 4 1 
5 v 0 6 1 n 0 6 1 t 0 6 1 
6 v 7 6 0 n 7 6 0 t 7 6 0 
7 v 3 7 0 n 3 7 0 t 3 7 0 
8 v 5 7 3 n 5 7 3 t 5 7 3 
9 v 2 5 3 n 2 5 3 t 2 5 3 
10 v 6 7 5 n 6 7 5 t 6 7 5 
11 v 4 6 5 n 4 6 5 t 4 6 5 
OBJECT_END

OBJECT_START XJLKN_SLKN v4 n4 t4 p2
USES_MATERIAL 1 Green
VERTEX world
0   -0.854562 0.255497 1.426220
1   -0.854562 1.006284 1.317377
2   -0.138407 1.006284 1.317377
3   -0.138407 0.255497 1.426220
COLOR
0   0 255 0 1
1   0 255 255 1
2   0 255 255 1
3   0 255 0 1
4   0 255 0 1
5   0 255 255 1
NORMAL
0   0.000000 -0.143472 -0.989654
1   0.000000 -0.143472 -0.989654
2   0.000000 -0.143472 -0.989654
3   0.000000 -0.143472 -0.989654
TEXCOORD
0   0.000000 0.000000
1   0.000000 1.000000
2   1.000000 1.000000
3   1.000000 0.000000
POLYGON
0 v 0 1 2 n 0 1 2 t 0 1 2 
1 v 3 0 2 n 3 0 2 t 3 0 2 
OBJECT_END

OBJECT_START XJLAN v4 n4 t4 p2
USES_MATERIAL 1 Green
VERTEX world
0   -0.980538 0.265193 0.202559
1   -0.980538 0.291136 0.118929
2   -0.012430 0.291136 0.118929
3   -0.012430 0.265193 0.202559
COLOR
0   0 255 0 1
1   0 255 255 1
2   0 255 255 1
3   0 255 0 1
4   0 255 0 1
5   0 255 255 1
NORMAL
0   0.000000 -0.955100 -0.296284
1   0.000000 -0.955100 -0.296284
2   0.000000 -0.955100 -0.296284
3   0.000000 -0.955100 -0.296284
TEXCOORD
0   0.000000 1.000000
1   0.000000 0.000000
2   1.000000 0.000000
3   1.000000 1.000000
POLYGON
0 v 0 1 2 n 0 1 2 t 0 1 2 
1 v 3 0 2 n 3 0 2 t 3 0 2 
OBJECT_END

OBJECT_START XJLEL_SLEL v4 n4 t4 p2
USES_MATERIAL 1 Green
VERTEX world
0   -0.017230 1.968124 4.083723
1   -0.975739 1.968124 4.083723
2   -0.975739 1.968124 5.099069
3   -0.017230 1.968124 5.099069
COLOR
0   0 255 255 1
1   0 255 255 1
2   0 255 0 1
3   0 255 255 1
4   0 255 0 1
5   0 255 0 1
NORMAL
0   0.000000 1.000000 0.000000
1   0.000000 1.000000 0.000000
2   0.000000 1.000000 0.000000
3   0.000000 1.000000 0.000000
TEXCOORD
0   1.000000 0.000000
1   0.000000 0.000000
2   0.000000 1.000000
3   1.000000 1.000000
POLYGON
0 v 0 1 2 n 0 1 2 t 0 1 2 
1 v 0 2 3 n 0 2 3 t 0 2 3 
OBJECT_END

OBJECT_START jrfinger v8 n8 t8 p12
USES_MATERIAL 1 Green
VERTEX world
0   -0.276483 -2.533362 4.303686
1   -0.276954 -2.531166 4.238292
2   -0.235221 -2.627105 4.234768
3   -0.234750 -2.629302 4.300163
4   -0.336962 -2.557253 4.237847
5   -0.295228 -2.653192 4.234324
6   -0.336491 -2.559449 4.303242
7   -0.294757 -2.655389 4.299718
COLOR
0   0 255 255 1
1   0 255 0 1
2   0 255 0 1
3   0 255 255 1
4   0 255 255 1
5   0 255 0 1
6   0 255 133 1
7   0 255 0 1
8   0 255 0 1
9   0 255 0 1
10   0 255 133 1
11   0 255 0 1
12   0 255 0 1
13   0 255 133 1
14   0 255 0 1
15   0 255 255 1
16   0 255 0 1
17   0 255 0 1
18   0 255 255 1
19   0 255 0 1
20   0 255 255 1
21   0 255 255 1
22   0 255 255 1
23   0 255 255 1
24   0 255 0 1
25   0 255 255 1
26   0 255 255 1
27   0 255 0 1
28   0 255 0 1
29   0 255 255 1
30   0 255 0 1
31   0 255 255 1
32   0 255 0 1
33   0 255 133 1
34   0 255 0 1
35   0 255 0 1
NORMAL
0   -0.483286 -0.548895 -0.682018
1   -0.045939 -0.924765 0.377755
2   -0.739469 0.017325 0.672967
3   -0.702842 0.599247 -0.383297
4   0.543024 -0.238803 0.805046
5   0.347996 0.865578 0.360101
6   0.874758 -0.334008 -0.351050
7   0.205758 0.564321 -0.799503
TEXCOORD
0   0.999999 1.000000
1   0.999999 1.000000
2   0.999999 0.000000
3   0.999999 0.000000
4   0.000001 1.000000
5   0.000001 0.000000
6   0.000001 1.000000
7   0.000001 0.000000
POLYGON
0 v 0 1 2 n 0 1 2 t 0 1 2 
1 v 3 0 2 n 3 0 2 t 3 0 2 
2 v 4 5 2 n 4 5 2 t 4 5 2 
3 v 1 4 2 n 1 4 2 t 1 4 2 
4 v 6 4 1 n 6 4 1 t 6 4 1 
5 v 0 6 1 n 0 6 1 t 0 6 1 
6 v 7 6 0 n 7 6 0 t 7 6 0 
7 v 3 7 0 n 3 7 0 t 3 7 0 
8 v 5 7 3 n 5 7 3 t 5 7 3 
9 v 2 5 3 n 2 5 3 t 2 5 3 
10 v 6 7 5 n 6 7 5 t 6 7 5 
11 v 4 6 5 n 4 6 5 t 4 6 5 
OBJECT_END

OBJECT_START XJLEL_SLSH v4 n4 t4 p2
USES_MATERIAL 1 Green
VERTEX world
0   -0.972225 1.720227 5.104094
1   -0.972225 1.720227 4.088748
2   -0.013716 1.720227 4.088748
3   -0.013716 1.720227 5.104094
COLOR
0   0 255 0 1
1   0 255 255 1
2   0 255 255 1
3   0 255 0 1
4   0 255 0 1
5   0 255 255 1
NORMAL
0   0.000000 -1.000000 0.000000
1   0.000000 -1.000000 0.000000
2   0.000000 -1.000000 0.000000
3   0.000000 -1.000000 0.000000
TEXCOORD
0   0.000000 1.000000
1   0.000000 0.000000
2   1.000000 0.000000
3   1.000000 1.000000
POLYGON
0 v 0 1 2 n 0 1 2 t 0 1 2 
1 v 3 0 2 n 3 0 2 t 3 0 2 
OBJECT_END

OBJECT_START XJREL_SRSH v4 n4 t4 p2
USES_MATERIAL 1 Green
VERTEX world
0   -0.110798 -1.124554 4.088748
1   -1.069308 -1.124554 4.088748
2   -1.069308 -1.124554 5.104094
3   -0.110798 -1.124554 5.104094
COLOR
0   0 255 255 1
1   0 255 255 1
2   0 255 0 1
3   0 255 255 1
4   0 255 0 1
5   0 255 0 1
NORMAL
0   0.000000 1.000000 0.000000
1   0.000000 1.000000 0.000000
2   0.000000 1.000000 0.000000
3   0.000000 1.000000 0.000000
TEXCOORD
0   1.000000 0.000000
1   0.000000 0.000000
2   0.000000 1.000000
3   1.000000 1.000000
POLYGON
0 v 0 1 2 n 0 1 2 t 0 1 2 
1 v 0 2 3 n 0 2 3 t 0 2 3 
OBJECT_END

OBJECT_START XJLAN_SLKN v4 n4 t4 p2
USES_MATERIAL 1 Green
VERTEX world
0   -0.854562 0.258498 0.258481
1   -0.854562 1.009284 0.367325
2   -0.138407 1.009284 0.367325
3   -0.138407 0.258498 0.258481
COLOR
0   0 255 0 1
1   0 255 0 1
2   0 255 0 1
3   0 255 0 1
4   0 255 0 1
5   0 255 0 1
NORMAL
0   0.000000 0.143473 -0.989654
1   0.000000 0.143473 -0.989654
2   0.000000 0.143473 -0.989654
3   0.000000 0.143473 -0.989654
TEXCOORD
0   0.000000 0.000000
1   0.000000 1.000000
2   1.000000 1.000000
3   1.000000 0.000000
POLYGON
0 v 0 1 2 n 0 1 2 t 0 1 2 
1 v 3 0 2 n 3 0 2 t 3 0 2 
OBJECT_END

OBJECT_START XSRSH v4 n4 t4 p2
USES_MATERIAL 1 Green
VERTEX world
0   -0.440192 -0.541206 4.213920
1   -0.864671 -0.541206 4.213920
2   -0.864671 -1.101509 4.213920
3   -0.440192 -1.101509 4.213920
COLOR
0   0 255 255 1
1   0 255 255 1
2   0 255 255 1
3   0 255 255 1
4   0 255 255 1
5   0 255 255 1
NORMAL
0   0.000000 0.000000 1.000000
1   0.000000 0.000000 1.000000
2   0.000000 0.000000 1.000000
3   0.000000 0.000000 1.000000
TEXCOORD
0   1.000000 1.000000
1   0.000000 1.000000
2   0.000000 0.000000
3   1.000000 0.000000
POLYGON
0 v 0 1 2 n 0 1 2 t 0 1 2 
1 v 0 2 3 n 0 2 3 t 0 2 3 
OBJECT_END

OBJECT_START XJRHI01 v4 n4 t4 p2
USES_MATERIAL 1 Green
VERTEX world
0   -0.980552 0.200571 2.566109
1   -0.980552 0.173352 2.355583
2   -0.012416 0.173352 2.355583
3   -0.012416 0.200571 2.566109
COLOR
0   0 255 255 1
1   0 255 0 1
2   0 255 0 1
3   0 255 255 1
4   0 255 255 1
5   0 255 0 1
NORMAL
0   0.000000 -0.994282 0.128550
1   0.000000 -0.994282 0.128550
2   0.000000 -0.994282 0.128550
3   0.000000 -0.994282 0.128550
TEXCOORD
0   0.000000 1.000000
1   0.000000 0.000000
2   1.000000 0.000000
3   1.000000 1.000000
POLYGON
0 v 0 1 2 n 0 1 2 t 0 1 2 
1 v 3 0 2 n 3 0 2 t 3 0 2 
OBJECT_END

OBJECT_START JRKNEE_Y01 v8 n8 t8 p12
USES_MATERIAL 1 Green
VERTEX world
0   -0.544502 -0.028803 1.556752
1   -0.544502 -0.028803 1.491318
2   -0.544502 -0.133514 1.491318
3   -0.544502 -0.133514 1.556752
4   -0.609936 -0.028803 1.491318
5   -0.609936 -0.133514 1.491318
6   -0.609936 -0.028803 1.556752
7   -0.609936 -0.133514 1.556752
COLOR
0   0 255 0 1
1   0 255 0 1
2   0 255 0 1
3   0 255 0 1
4   0 255 0 1
5   0 255 0 1
6   0 255 0 1
7   0 255 0 1
8   0 255 0 1
9   0 255 0 1
10   0 255 0 1
11   0 255 0 1
12   0 255 0 1
13   0 255 0 1
14   0 255 0 1
15   0 255 0 1
16   0 255 0 1
17   0 255 0 1
18   0 255 0 1
19   0 255 0 1
20   0 255 0 1
21   0 255 0 1
22   0 255 0 1
23   0 255 0 1
24   0 255 0 1
25   0 255 0 1
26   0 255 0 1
27   0 255 0 1
28   0 255 0 1
29   0 255 0 1
30   0 255 0 1
31   0 255 0 1
32   0 255 0 1
33   0 255 0 1
34   0 255 0 1
35   0 255 0 1
NORMAL
0   -0.666667 -0.333333 -0.666667
1   -0.408248 -0.816497 0.408248
2   -0.666667 0.333333 0.666667
3   -0.408248 0.816497 -0.408248
4   0.408248 -0.408248 0.816497
5   0.666667 0.666667 0.333333
6   0.666667 -0.666667 -0.333333
7   0.408248 0.408248 -0.816497
TEXCOORD
0   1.000000 1.000000
1   1.000000 1.000000
2   1.000000 0.000000
3   1.000000 0.000000
4   0.000000 1.000000
5   0.000000 0.000000
6   0.000000 1.000000
7   0.000000 0.000000
POLYGON
0 v 0 1 2 n 0 1 2 t 0 1 2 
1 v 3 0 2 n 3 0 2 t 3 0 2 
2 v 4 5 2 n 4 5 2 t 4 5 2 
3 v 1 4 2 n 1 4 2 t 1 4 2 
4 v 6 4 1 n 6 4 1 t 6 4 1 
5 v 0 6 1 n 0 6 1 t 0 6 1 
6 v 7 6 0 n 7 6 0 t 7 6 0 
7 v 3 7 0 n 3 7 0 t 3 7 0 
8 v 5 7 3 n 5 7 3 t 5 7 3 
9 v 2 5 3 n 2 5 3 t 2 5 3 
10 v 6 7 5 n 6 7 5 t 6 7 5 
11 v 4 6 5 n 4 6 5 t 4 6 5 
OBJECT_END

OBJECT_START XJNEC_SNEC v4 n4 t4 p2
USES_MATERIAL 1 Green
VERTEX world
0   0.080040 0.909472 4.997578
1   -1.073012 0.909472 4.997578
2   -1.073012 -0.311991 4.997578
3   0.080040 -0.311991 4.997578
COLOR
0   0 255 0 1
1   0 255 0 1
2   0 255 0 1
3   0 255 0 1
4   0 255 0 1
5   0 255 0 1
NORMAL
0   0.000000 0.000000 1.004635
1   0.000000 0.000000 1.004635
2   0.000000 0.000000 1.004635
3   0.000000 0.000000 1.004635
TEXCOORD
0   1.000000 1.000000
1   0.000000 1.000000
2   0.000000 0.000000
3   1.000000 0.000000
POLYGON
0 v 0 1 2 n 0 1 2 t 0 1 2 
1 v 0 2 3 n 0 2 3 t 0 2 3 
OBJECT_END

OBJECT_START XJREL_SREL v4 n4 t4 p2
USES_MATERIAL 1 Green
VERTEX world
0   -0.141988 -1.296992 4.088748
1   -1.100497 -1.296992 4.088748
2   -1.100497 -1.296992 5.104094
3   -0.141988 -1.296992 5.104094
COLOR
0   0 255 255 1
1   0 255 255 1
2   0 255 0 1
3   0 255 255 1
4   0 255 0 1
5   0 255 0 1
NORMAL
0   0.000000 1.000000 0.000000
1   0.000000 1.000000 0.000000
2   0.000000 1.000000 0.000000
3   0.000000 1.000000 0.000000
TEXCOORD
0   1.000000 0.000000
1   0.000000 0.000000
2   0.000000 1.000000
3   1.000000 1.000000
POLYGON
0 v 0 1 2 n 0 1 2 t 0 1 2 
1 v 0 2 3 n 0 2 3 t 0 2 3 
OBJECT_END

OBJECT_START JLKNEE_Y01 v8 n8 t8 p12
USES_MATERIAL 1 Green
VERTEX world
0   -0.614935 0.551969 1.523419
1   -0.614935 0.551969 1.457984
2   -0.614935 0.447288 1.457984
3   -0.614935 0.447288 1.523419
4   -0.680369 0.551969 1.457984
5   -0.680369 0.447288 1.457984
6   -0.680369 0.551969 1.523419
7   -0.680369 0.447288 1.523419
COLOR
0   0 255 0 1
1   0 255 0 1
2   0 255 0 1
3   0 255 0 1
4   0 255 0 1
5   0 255 0 1
6   0 255 0 1
7   0 255 0 1
8   0 255 0 1
9   0 255 0 1
10   0 255 0 1
11   0 255 0 1
12   0 255 0 1
13   0 255 0 1
14   0 255 0 1
15   0 255 0 1
16   0 255 0 1
17   0 255 0 1
18   0 255 0 1
19   0 255 0 1
20   0 255 0 1
21   0 255 0 1
22   0 255 0 1
23   0 255 0 1
24   0 255 0 1
25   0 255 0 1
26   0 255 0 1
27   0 255 0 1
28   0 255 0 1
29   0 255 0 1
30   0 255 0 1
31   0 255 0 1
32   0 255 0 1
33   0 255 0 1
34   0 255 0 1
35   0 255 0 1
NORMAL
0   -0.666667 -0.333333 -0.666667
1   -0.408248 -0.816497 0.408248
2   -0.666667 0.333333 0.666667
3   -0.408248 0.816497 -0.408248
4   0.408248 -0.408248 0.816497
5   0.666667 0.666667 0.333333
6   0.666667 -0.666667 -0.333333
7   0.408248 0.408248 -0.816497
TEXCOORD
0   1.000000 1.000000
1   1.000000 -0.000001
2   0.000000 -0.000001
3   0.000000 1.000000
4   1.000000 -0.000001
5   0.000000 -0.000001
6   1.000000 1.000000
7   0.000000 1.000000
POLYGON
0 v 0 1 2 n 0 1 2 t 0 1 2 
1 v 3 0 2 n 3 0 2 t 3 0 2 
2 v 4 5 2 n 4 5 2 t 4 5 2 
3 v 1 4 2 n 1 4 2 t 1 4 2 
4 v 6 4 1 n 6 4 1 t 6 4 1 
5 v 0 6 1 n 0 6 1 t 0 6 1 
6 v 7 6 0 n 7 6 0 t 7 6 0 
7 v 3 7 0 n 3 7 0 t 3 7 0 
8 v 5 7 3 n 5 7 3 t 5 7 3 
9 v 2 5 3 n 2 5 3 t 2 5 3 
10 v 6 7 5 n 6 7 5 t 6 7 5 
11 v 4 6 5 n 4 6 5 t 4 6 5 
OBJECT_END

OBJECT_START XJRKN_SRKN v4 n4 t4 p2
USES_MATERIAL 1 Green
VERTEX world
0   -0.854562 0.167159 1.440736
1   -0.854562 -0.583626 1.331894
2   -0.138407 -0.583626 1.331894
3   -0.138407 0.167159 1.440736
COLOR
0   0 255 0 1
1   0 255 255 1
2   0 255 255 1
3   0 255 0 1
4   0 255 0 1
5   0 255 255 1
NORMAL
0   0.000000 -0.143472 0.989654
1   0.000000 -0.143472 0.989654
2   0.000000 -0.143472 0.989654
3   0.000000 -0.143472 0.989654
TEXCOORD
0   0.000000 1.000000
1   0.000000 0.000000
2   1.000000 0.000000
3   1.000000 1.000000
POLYGON
0 v 0 1 2 n 0 1 2 t 0 1 2 
1 v 3 0 2 n 3 0 2 t 3 0 2 
OBJECT_END

OBJECT_START JLANKLE_01 v8 n8 t8 p12
USES_MATERIAL 1 Green
VERTEX world
0   -0.691082 0.541084 0.152051
1   -0.691082 0.541084 0.086618
2   -0.691082 0.436372 0.086618
3   -0.691082 0.436372 0.152051
4   -0.756516 0.541084 0.086618
5   -0.756516 0.436372 0.086618
6   -0.756516 0.541084 0.152051
7   -0.756516 0.436372 0.152051
COLOR
0   0 255 0 1
1   0 255 255 1
2   0 255 255 1
3   0 255 0 1
4   0 255 0 1
5   0 255 255 1
6   0 255 255 1
7   0 255 255 1
8   0 255 255 1
9   0 255 255 1
10   0 255 255 1
11   0 255 255 1
12   0 255 0 1
13   0 255 255 1
14   0 255 255 1
15   0 255 0 1
16   0 255 0 1
17   0 255 255 1
18   0 255 0 1
19   0 255 0 1
20   0 255 0 1
21   0 255 0 1
22   0 255 0 1
23   0 255 0 1
24   0 255 255 1
25   0 255 0 1
26   0 255 0 1
27   0 255 255 1
28   0 255 255 1
29   0 255 0 1
30   0 255 0 1
31   0 255 0 1
32   0 255 255 1
33   0 255 255 1
34   0 255 0 1
35   0 255 255 1
NORMAL
0   -0.666667 -0.333333 -0.666667
1   -0.408248 -0.816497 0.408248
2   -0.666667 0.333333 0.666667
3   -0.408248 0.816497 -0.408248
4   0.408248 -0.408248 0.816497
5   0.666667 0.666667 0.333333
6   0.666667 -0.666667 -0.333333
7   0.408248 0.408248 -0.816497
TEXCOORD
0   1.000000 1.000000
1   1.000000 1.000000
2   1.000000 0.000000
3   1.000000 0.000000
4   0.000000 1.000000
5   0.000000 0.000000
6   0.000000 1.000000
7   0.000000 0.000000
POLYGON
0 v 0 1 2 n 0 1 2 t 0 1 2 
1 v 3 0 2 n 3 0 2 t 3 0 2 
2 v 4 5 2 n 4 5 2 t 4 5 2 
3 v 1 4 2 n 1 4 2 t 1 4 2 
4 v 6 4 1 n 6 4 1 t 6 4 1 
5 v 0 6 1 n 0 6 1 t 0 6 1 
6 v 7 6 0 n 7 6 0 t 7 6 0 
7 v 3 7 0 n 3 7 0 t 3 7 0 
8 v 5 7 3 n 5 7 3 t 5 7 3 
9 v 2 5 3 n 2 5 3 t 2 5 3 
10 v 6 7 5 n 6 7 5 t 6 7 5 
11 v 4 6 5 n 4 6 5 t 4 6 5 
OBJECT_END

OBJECT_START XJLKN_SLHI v4 n4 t4 p2
USES_MATERIAL 1 Green
VERTEX world
0   -0.138407 1.001618 1.737856
1   -0.854562 1.001618 1.737856
2   -0.854562 0.250832 1.629013
3   -0.138407 0.250832 1.629013
COLOR
0   0 255 0 1
1   0 255 0 1
2   0 255 255 1
3   0 255 0 1
4   0 255 255 1
5   0 255 255 1
NORMAL
0   0.000000 -0.143472 0.989654
1   0.000000 -0.143472 0.989654
2   0.000000 -0.143472 0.989654
3   0.000000 -0.143472 0.989654
TEXCOORD
0   1.000000 1.000000
1   0.000000 1.000000
2   0.000000 0.000000
3   1.000000 0.000000
POLYGON
0 v 0 1 2 n 0 1 2 t 0 1 2 
1 v 0 2 3 n 0 2 3 t 0 2 3 
OBJECT_END

OBJECT_START XJNEC_SABD v4 n4 t4 p2
USES_MATERIAL 1 Green
VERTEX world
0   0.080040 0.916818 4.911218
1   -1.073008 0.916818 4.911218
2   -1.073008 -0.304640 4.911218
3   0.080040 -0.304640 4.911218
COLOR
0   0 255 255 1
1   0 255 255 1
2   0 255 255 1
3   0 255 255 1
4   0 255 255 1
5   0 255 255 1
NORMAL
0   0.000000 0.000000 1.000000
1   0.000000 0.000000 1.000000
2   0.000000 0.000000 1.000000
3   0.000000 0.000000 1.000000
TEXCOORD
0   1.000000 1.000000
1   0.000000 1.000000
2   0.000000 0.000000
3   1.000000 0.000000
POLYGON
0 v 0 1 2 n 0 1 2 t 0 1 2 
1 v 0 2 3 n 0 2 3 t 0 2 3 
OBJECT_END

OBJECT_START JRWRIST_01 v8 n8 t8 p12
USES_MATERIAL 1 Green
VERTEX world
0   -0.453050 -2.002368 4.439955
1   -0.453050 -1.981956 4.377787
2   -0.440742 -2.080723 4.345357
3   -0.440742 -2.101136 4.407526
4   -0.518030 -1.989264 4.375387
5   -0.505722 -2.088033 4.342958
6   -0.518030 -2.009677 4.437555
7   -0.505722 -2.108445 4.405125
COLOR
0   0 255 0 1
1   0 255 0 1
2   0 255 255 1
3   0 255 255 1
4   0 255 0 1
5   0 255 255 1
6   0 255 255 1
7   0 255 255 1
8   0 255 255 1
9   0 255 0 1
10   0 255 255 1
11   0 255 255 1
12   0 255 255 1
13   0 255 255 1
14   0 255 0 1
15   0 255 0 1
16   0 255 255 1
17   0 255 0 1
18   0 255 0 1
19   0 255 255 1
20   0 255 0 1
21   0 255 255 1
22   0 255 0 1
23   0 255 0 1
24   0 255 255 1
25   0 255 0 1
26   0 255 255 1
27   0 255 255 1
28   0 255 255 1
29   0 255 255 1
30   0 255 255 1
31   0 255 0 1
32   0 255 255 1
33   0 255 255 1
34   0 255 255 1
35   0 255 255 1
NORMAL
0   -0.622850 -0.181002 -0.761115
1   -0.309423 -0.943328 0.119955
2   -0.701232 0.032060 0.712212
3   -0.501409 0.852126 -0.149903
4   0.453414 -0.594293 0.664253
5   0.583663 0.599489 0.547678
6   0.740425 -0.450547 -0.498776
7   0.357424 0.685500 -0.634300
TEXCOORD
0   0.838625 1.000001
1   1.000000 0.359071
2   0.219162 0.024735
3   0.057780 0.665662
4   0.942221 0.334326
5   0.161374 0.000001
6   0.780837 0.975253
7   -0.000001 0.640917
POLYGON
0 v 0 1 2 n 0 1 2 t 0 1 2 
1 v 3 0 2 n 3 0 2 t 3 0 2 
2 v 4 5 2 n 4 5 2 t 4 5 2 
3 v 1 4 2 n 1 4 2 t 1 4 2 
4 v 6 4 1 n 6 4 1 t 6 4 1 
5 v 0 6 1 n 0 6 1 t 0 6 1 
6 v 7 6 0 n 7 6 0 t 7 6 0 
7 v 3 7 0 n 3 7 0 t 3 7 0 
8 v 5 7 3 n 5 7 3 t 5 7 3 
9 v 2 5 3 n 2 5 3 t 2 5 3 
10 v 6 7 5 n 6 7 5 t 6 7 5 
11 v 4 6 5 n 4 6 5 t 4 6 5 
OBJECT_END

OBJECT_START jrtoe v8 n8 t8 p12
USES_MATERIAL 1 Green
VERTEX world
0   0.098497 -0.108143 0.065169
1   0.098497 -0.108143 -0.000265
2   0.098497 -0.212855 -0.000265
3   0.098497 -0.212855 0.065169
4   0.033063 -0.108143 -0.000265
5   0.033063 -0.212855 -0.000265
6   0.033063 -0.108143 0.065169
7   0.033063 -0.212855 0.065169
COLOR
0   0 255 255 1
1   0 255 0 1
2   0 255 0 1
3   0 255 255 1
4   0 255 255 1
5   0 255 0 1
6   0 255 0 1
7   0 255 0 1
8   0 255 0 1
9   0 255 0 1
10   0 255 0 1
11   0 255 0 1
12   0 255 255 1
13   0 255 0 1
14   0 255 0 1
15   0 255 255 1
16   0 255 255 1
17   0 255 0 1
18   0 255 255 1
19   0 255 255 1
20   0 255 255 1
21   0 255 255 1
22   0 255 255 1
23   0 255 255 1
24   0 255 0 1
25   0 255 255 1
26   0 255 255 1
27   0 255 0 1
28   0 255 0 1
29   0 255 255 1
30   0 255 255 1
31   0 255 255 1
32   0 255 0 1
33   0 255 0 1
34   0 255 255 1
35   0 255 0 1
NORMAL
0   -0.666667 -0.333333 -0.666667
1   -0.408248 -0.816497 0.408248
2   -0.666667 0.333333 0.666667
3   -0.408248 0.816497 -0.408248
4   0.408248 -0.408248 0.816497
5   0.666667 0.666667 0.333333
6   0.666667 -0.666667 -0.333333
7   0.408248 0.408248 -0.816497
TEXCOORD
0   1.000000 1.000000
1   1.000000 1.000000
2   1.000000 0.000000
3   1.000000 0.000000
4   0.000000 1.000000
5   0.000000 0.000000
6   0.000000 1.000000
7   0.000000 0.000000
POLYGON
0 v 0 1 2 n 0 1 2 t 0 1 2 
1 v 3 0 2 n 3 0 2 t 3 0 2 
2 v 4 5 2 n 4 5 2 t 4 5 2 
3 v 1 4 2 n 1 4 2 t 1 4 2 
4 v 6 4 1 n 6 4 1 t 6 4 1 
5 v 0 6 1 n 0 6 1 t 0 6 1 
6 v 7 6 0 n 7 6 0 t 7 6 0 
7 v 3 7 0 n 3 7 0 t 3 7 0 
8 v 5 7 3 n 5 7 3 t 5 7 3 
9 v 2 5 3 n 2 5 3 t 2 5 3 
10 v 6 7 5 n 6 7 5 t 6 7 5 
11 v 4 6 5 n 4 6 5 t 4 6 5 
OBJECT_END

OBJECT_START XJLHI v4 n4 t4 p2
USES_MATERIAL 1 Green
VERTEX world
0   -1.166170 1.077358 3.242753
1   -1.166170 1.103270 2.517257
2   -0.019137 1.103300 2.517257
3   -0.019137 1.077358 3.242753
COLOR
0   0 255 255 1
1   0 255 255 1
2   0 255 255 1
3   0 255 255 1
4   0 255 255 1
5   0 255 255 1
NORMAL
0   0.000013 -0.999362 -0.035714
1   0.000026 -0.999363 -0.035694
2   0.000013 -0.999362 -0.035714
3   0.000000 -0.999361 -0.035735
TEXCOORD
0   0.000000 1.000000
1   0.000000 0.000000
2   1.000000 0.000000
3   1.000000 1.000000
POLYGON
0 v 0 1 2 n 0 1 2 t 0 1 2 
1 v 3 0 2 n 3 0 2 t 3 0 2 
OBJECT_END

OBJECT_START XSRAN v4 n4 t4 p2
USES_MATERIAL 1 Green
VERTEX world
0   -0.012430 0.173149 -0.011619
1   -0.980538 0.173149 -0.011619
2   -0.980538 0.147237 0.072011
3   -0.012430 0.147237 0.072011
COLOR
0   0 255 0 1
1   0 255 0 1
2   0 255 0 1
3   0 255 0 1
4   0 255 0 1
5   0 255 0 1
NORMAL
0   0.000000 0.955200 0.295960
1   0.000000 0.955200 0.295960
2   0.000000 0.955200 0.295960
3   0.000000 0.955200 0.295960
TEXCOORD
0   1.000000 0.000000
1   0.000000 0.000000
2   0.000000 1.000000
3   1.000000 1.000000
POLYGON
0 v 0 1 2 n 0 1 2 t 0 1 2 
1 v 0 2 3 n 0 2 3 t 0 2 3 
OBJECT_END

OBJECT_START XJRSH_SABD v4 n4 t4 p2
USES_MATERIAL 1 Green
VERTEX world
0   -0.028075 -0.388685 4.010783
1   -0.964894 -0.388685 4.010783
2   -0.964894 -0.156994 4.975762
3   -0.028075 -0.156994 4.975762
COLOR
0   0 255 0 1
1   0 255 0 1
2   0 255 0 1
3   0 255 0 1
4   0 255 0 1
5   0 255 0 1
NORMAL
0   0.000000 0.972365 -0.233465
1   0.000000 0.972365 -0.233465
2   0.000000 0.972365 -0.233465
3   0.000000 0.972365 -0.233465
TEXCOORD
0   1.000000 0.000000
1   0.000000 0.000000
2   0.000000 1.000000
3   1.000000 1.000000
POLYGON
0 v 0 1 2 n 0 1 2 t 0 1 2 
1 v 0 2 3 n 0 2 3 t 0 2 3 
OBJECT_END

OBJECT_START XJRAN_SRKN v4 n4 t4 p2
USES_MATERIAL 1 Green
VERTEX world
0   -0.854562 0.179387 0.254073
1   -0.854562 -0.571399 0.362916
2   -0.138407 -0.571399 0.362916
3   -0.138407 0.179387 0.254073
COLOR
0   0 255 0 1
1   0 255 255 1
2   0 255 255 1
3   0 255 0 1
4   0 255 0 1
5   0 255 255 1
NORMAL
0   0.000000 0.143473 0.989654
1   0.000000 0.143473 0.989654
2   0.000000 0.143473 0.989654
3   0.000000 0.143473 0.989654
TEXCOORD
0   0.000000 1.000000
1   0.000000 0.000000
2   1.000000 0.000000
3   1.000000 1.000000
POLYGON
0 v 0 1 2 n 0 1 2 t 0 1 2 
1 v 3 0 2 n 3 0 2 t 3 0 2 
OBJECT_END

OBJECT_START jltoe v8 n8 t8 p12
USES_MATERIAL 1 Green
VERTEX world
0   0.140014 0.615111 0.048926
1   0.140014 0.615111 -0.016508
2   0.140014 0.510400 -0.016508
3   0.140014 0.510400 0.048926
4   0.074580 0.615111 -0.016508
5   0.074580 0.510400 -0.016508
6   0.074580 0.615111 0.048926
7   0.074580 0.510400 0.048926
COLOR
0   0 255 0 1
1   0 255 255 1
2   0 255 255 1
3   0 255 0 1
4   0 255 0 1
5   0 255 255 1
6   0 255 255 1
7   0 255 255 1
8   0 255 255 1
9   0 255 255 1
10   0 255 255 1
11   0 255 255 1
12   0 255 0 1
13   0 255 255 1
14   0 255 255 1
15   0 255 0 1
16   0 255 0 1
17   0 255 255 1
18   0 255 0 1
19   0 255 0 1
20   0 255 0 1
21   0 255 0 1
22   0 255 0 1
23   0 255 0 1
24   0 255 255 1
25   0 255 0 1
26   0 255 0 1
27   0 255 255 1
28   0 255 255 1
29   0 255 0 1
30   0 255 0 1
31   0 255 0 1
32   0 255 255 1
33   0 255 255 1
34   0 255 0 1
35   0 255 255 1
NORMAL
0   -0.666667 -0.333333 -0.666667
1   -0.408248 -0.816497 0.408248
2   -0.666667 0.333333 0.666667
3   -0.408248 0.816497 -0.408248
4   0.408248 -0.408248 0.816497
5   0.666667 0.666667 0.333333
6   0.666667 -0.666667 -0.333333
7   0.408248 0.408248 -0.816497
TEXCOORD
0   1.000000 1.000000
1   1.000000 1.000000
2   1.000000 0.000000
3   1.000000 0.000000
4   0.000000 1.000000
5   0.000000 0.000000
6   0.000000 1.000000
7   0.000000 0.000000
POLYGON
0 v 0 1 2 n 0 1 2 t 0 1 2 
1 v 3 0 2 n 3 0 2 t 3 0 2 
2 v 4 5 2 n 4 5 2 t 4 5 2 
3 v 1 4 2 n 1 4 2 t 1 4 2 
4 v 6 4 1 n 6 4 1 t 6 4 1 
5 v 0 6 1 n 0 6 1 t 0 6 1 
6 v 7 6 0 n 7 6 0 t 7 6 0 
7 v 3 7 0 n 3 7 0 t 3 7 0 
8 v 5 7 3 n 5 7 3 t 5 7 3 
9 v 2 5 3 n 2 5 3 t 2 5 3 
10 v 6 7 5 n 6 7 5 t 6 7 5 
11 v 4 6 5 n 4 6 5 t 4 6 5 
OBJECT_END

OBJECT_START XJLKN v4 n4 t4 p2
USES_MATERIAL 1 Green
VERTEX world
0   -0.012430 0.283992 1.454120
1   -0.980538 0.283992 1.454120
2   -0.980538 0.258080 1.608286
3   -0.012430 0.258080 1.608286
COLOR
0   0 255 255 1
1   0 255 255 1
2   0 255 0 1
3   0 255 255 1
4   0 255 0 1
5   0 255 0 1
NORMAL
0   0.000000 0.986167 0.165753
1   0.000000 0.986167 0.165753
2   0.000000 0.986167 0.165753
3   0.000000 0.986167 0.165753
TEXCOORD
0   1.000000 0.000000
1   0.000000 0.000000
2   0.000000 1.000000
3   1.000000 1.000000
POLYGON
0 v 0 1 2 n 0 1 2 t 0 1 2 
1 v 0 2 3 n 0 2 3 t 0 2 3 
OBJECT_END

OBJECT_START XJRKN_SRHI v4 n4 t4 p2
USES_MATERIAL 1 Green
VERTEX world
0   -0.138407 -0.548662 1.730734
1   -0.854562 -0.548662 1.730734
2   -0.854562 0.202124 1.621891
3   -0.138407 0.202124 1.621891
COLOR
0   0 255 255 1
1   0 255 255 1
2   0 255 0 1
3   0 255 255 1
4   0 255 0 1
5   0 255 0 1
NORMAL
0   0.000000 -0.143472 -0.989654
1   0.000000 -0.143472 -0.989654
2   0.000000 -0.143472 -0.989654
3   0.000000 -0.143472 -0.989654
TEXCOORD
0   1.000000 0.000000
1   0.000000 0.000000
2   0.000000 1.000000
3   1.000000 1.000000
POLYGON
0 v 0 1 2 n 0 1 2 t 0 1 2 
1 v 0 2 3 n 0 2 3 t 0 2 3 
OBJECT_END

OBJECT_START XJLHI_SBUT v4 n4 t4 p2
USES_MATERIAL 1 Green
VERTEX world
0   0.088090 1.100408 3.439773
1   -1.081058 1.100408 3.439773
2   -1.081058 0.213286 2.575557
3   0.088090 0.213286 2.575557
COLOR
0   0 255 0 1
1   0 255 0 1
2   0 255 255 1
3   0 255 0 1
4   0 255 255 1
5   0 255 255 1
NORMAL
0   0.000000 -0.697799 0.716294
1   0.000000 -0.697799 0.716294
2   0.000000 -0.697799 0.716294
3   0.000000 -0.697799 0.716294
TEXCOORD
0   1.000000 1.000000
1   0.000000 1.000000
2   0.000000 0.000000
3   1.000000 0.000000
POLYGON
0 v 0 1 2 n 0 1 2 t 0 1 2 
1 v 0 2 3 n 0 2 3 t 0 2 3 
OBJECT_END

OBJECT_START XJABD_SBUT v4 n4 t4 p2
USES_MATERIAL 1 Green
VERTEX world
0   0.464834 1.332158 3.517756
1   -1.457803 1.332158 3.517756
2   -1.457803 -0.704519 3.517756
3   0.464834 -0.704519 3.517756
COLOR
0   0 255 0 1
1   0 255 0 1
2   0 255 0 1
3   0 255 0 1
4   0 255 0 1
5   0 255 0 1
NORMAL
0   0.000000 0.000000 1.000000
1   0.000000 0.000000 1.000000
2   0.000000 0.000000 1.000000
3   0.000000 0.000000 1.000000
TEXCOORD
0   1.000000 1.000000
1   0.000000 1.000000
2   0.000000 0.000000
3   1.000000 0.000000
POLYGON
0 v 0 1 2 n 0 1 2 t 0 1 2 
1 v 0 2 3 n 0 2 3 t 0 2 3 
OBJECT_END

OBJECT_START jhead v8 n8 t8 p12
USES_MATERIAL 1 Green
VERTEX world
0   -0.658188 0.267577 5.831078
1   -0.658188 0.267577 5.765644
2   -0.658188 0.162896 5.765644
3   -0.658188 0.162896 5.831078
4   -0.723622 0.267577 5.765644
5   -0.723622 0.162896 5.765644
6   -0.723622 0.267577 5.831078
7   -0.723622 0.162896 5.831078
COLOR
0   0 255 0 1
1   0 255 255 1
2   0 255 255 1
3   0 255 0 1
4   0 255 0 1
5   0 255 255 1
6   0 255 255 1
7   0 255 255 1
8   0 255 255 1
9   0 255 255 1
10   0 255 255 1
11   0 255 255 1
12   0 255 0 1
13   0 255 255 1
14   0 255 255 1
15   0 255 0 1
16   0 255 0 1
17   0 255 255 1
18   0 255 0 1
19   0 255 0 1
20   0 255 0 1
21   0 255 0 1
22   0 255 0 1
23   0 255 0 1
24   0 255 255 1
25   0 255 0 1
26   0 255 0 1
27   0 255 255 1
28   0 255 255 1
29   0 255 0 1
30   0 255 0 1
31   0 255 0 1
32   0 255 255 1
33   0 255 255 1
34   0 255 0 1
35   0 255 255 1
NORMAL
0   -0.666667 -0.333333 -0.666667
1   -0.408248 -0.816497 0.408248
2   -0.666667 0.333333 0.666667
3   -0.408248 0.816497 -0.408248
4   0.408248 -0.408248 0.816497
5   0.666667 0.666667 0.333333
6   0.666667 -0.666667 -0.333333
7   0.408248 0.408248 -0.816497
TEXCOORD
0   1.000001 1.000000
1   1.000001 1.000000
2   1.000001 0.000000
3   1.000001 0.000000
4   0.000000 1.000000
5   0.000000 0.000000
6   0.000000 1.000000
7   0.000000 0.000000
POLYGON
0 v 0 1 2 n 0 1 2 t 0 1 2 
1 v 3 0 2 n 3 0 2 t 3 0 2 
2 v 4 5 2 n 4 5 2 t 4 5 2 
3 v 1 4 2 n 1 4 2 t 1 4 2 
4 v 6 4 1 n 6 4 1 t 6 4 1 
5 v 0 6 1 n 0 6 1 t 0 6 1 
6 v 7 6 0 n 7 6 0 t 7 6 0 
7 v 3 7 0 n 3 7 0 t 3 7 0 
8 v 5 7 3 n 5 7 3 t 5 7 3 
9 v 2 5 3 n 2 5 3 t 2 5 3 
10 v 6 7 5 n 6 7 5 t 6 7 5 
11 v 4 6 5 n 4 6 5 t 4 6 5 
OBJECT_END

OBJECT_START XJRWR_SREL v4 n4 t4 p2
USES_MATERIAL 1 Green
VERTEX world
0   0.091836 -1.916300 4.088748
1   -0.866673 -1.916300 4.088748
2   -0.866673 -1.916300 5.104094
3   0.091836 -1.916300 5.104094
COLOR
0   0 255 255 1
1   0 255 255 1
2   0 255 0 1
3   0 255 255 1
4   0 255 0 1
5   0 255 0 1
NORMAL
0   0.000000 1.000000 0.000000
1   0.000000 1.000000 0.000000
2   0.000000 1.000000 0.000000
3   0.000000 1.000000 0.000000
TEXCOORD
0   1.000000 0.000000
1   0.000000 0.000000
2   0.000000 1.000000
3   1.000000 1.000000
POLYGON
0 v 0 1 2 n 0 1 2 t 0 1 2 
1 v 0 2 3 n 0 2 3 t 0 2 3 
OBJECT_END

OBJECT_START XJABD_SABD v4 n4 t4 p2
USES_MATERIAL 1 Green
VERTEX world
0   0.464834 1.317078 3.801851
1   -1.457803 1.317078 3.801851
2   -1.457803 -0.719598 3.801851
3   0.464834 -0.719598 3.801851
COLOR
0   0 255 255 1
1   0 255 255 1
2   0 255 255 1
3   0 255 255 1
4   0 255 255 1
5   0 255 255 1
NORMAL
0   0.000000 0.000000 1.000000
1   0.000000 0.000000 1.000000
2   0.000000 0.000000 1.000000
3   0.000000 0.000000 1.000000
TEXCOORD
0   1.000000 1.000000
1   0.000000 1.000000
2   0.000000 0.000000
3   1.000000 0.000000
POLYGON
0 v 0 1 2 n 0 1 2 t 0 1 2 
1 v 0 2 3 n 0 2 3 t 0 2 3 
OBJECT_END

OBJECT_START XJRSH v4 n4 t4 p2
USES_MATERIAL 1 Green
VERTEX world
0   -0.671593 -0.534590 4.900115
1   -0.671593 -0.264020 4.983342
2   -0.155320 -0.264020 4.983342
3   -0.155320 -0.534590 4.900115
COLOR
0   0 255 0 1
1   0 255 51 1
2   0 255 51 1
3   0 255 0 1
4   0 255 0 1
5   0 255 51 1
NORMAL
0   0.000000 0.294006 -0.955804
1   0.000000 0.294006 -0.955804
2   0.000000 0.294006 -0.955804
3   0.000000 0.294006 -0.955804
TEXCOORD
0   0.000000 0.000000
1   0.000000 1.000000
2   1.000000 1.000000
3   1.000000 0.000000
POLYGON
0 v 0 1 2 n 0 1 2 t 0 1 2 
1 v 3 0 2 n 3 0 2 t 3 0 2 
OBJECT_END

OBJECT_START XJLSH_SLSH v4 n4 t4 p2
USES_MATERIAL 1 Green
VERTEX world
0   -0.017230 1.119760 4.093774
1   -0.975739 1.119760 4.093774
2   -0.975739 1.119760 5.109120
3   -0.017230 1.119760 5.109120
COLOR
0   0 255 156 1
1   0 255 156 1
2   0 255 0 1
3   0 255 156 1
4   0 255 0 1
5   0 255 0 1
NORMAL
0   0.000000 1.000000 0.000000
1   0.000000 1.000000 0.000000
2   0.000000 1.000000 0.000000
3   0.000000 1.000000 0.000000
TEXCOORD
0   1.000000 0.000000
1   0.000000 0.000000
2   0.000000 1.000000
3   1.000000 1.000000
POLYGON
0 v 0 1 2 n 0 1 2 t 0 1 2 
1 v 0 2 3 n 0 2 3 t 0 2 3 
OBJECT_END

OBJECT_START XJLHI01 v4 n4 t4 p2
USES_MATERIAL 1 Green
VERTEX world
0   -0.980554 0.222346 2.568923
1   -0.980554 0.248259 2.343872
2   -0.012414 0.248289 2.343872
3   -0.012414 0.222346 2.568923
COLOR
0   0 255 0 1
1   0 255 0 1
2   0 255 0 1
3   0 255 0 1
4   0 255 0 1
5   0 255 0 1
NORMAL
0   0.000015 -0.994806 -0.114611
1   0.000031 -0.994812 -0.114545
2   0.000015 -0.994806 -0.114611
3   0.000000 -0.994800 -0.114677
TEXCOORD
0   0.000000 1.000000
1   0.000000 0.000000
2   1.000000 0.000000
3   1.000000 1.000000
POLYGON
0 v 0 1 2 n 0 1 2 t 0 1 2 
1 v 3 0 2 n 3 0 2 t 3 0 2 
OBJECT_END

OBJECT_START JLELBOW_01 v8 n8 t8 p12
USES_MATERIAL 1 Green
VERTEX world
0   -0.580262 1.873414 4.493648
1   -0.580262 1.873414 4.428214
2   -0.580262 1.768732 4.428214
3   -0.580262 1.768732 4.493648
4   -0.645696 1.873414 4.428214
5   -0.645696 1.768732 4.428214
6   -0.645696 1.873414 4.493648
7   -0.645696 1.768732 4.493648
COLOR
0   0 255 0 1
1   0 255 0 1
2   0 255 0 1
3   0 255 0 1
4   0 255 0 1
5   0 255 0 1
6   0 255 0 1
7   0 255 0 1
8   0 255 0 1
9   0 255 0 1
10   0 255 0 1
11   0 255 0 1
12   0 255 0 1
13   0 255 0 1
14   0 255 0 1
15   0 255 0 1
16   0 255 0 1
17   0 255 0 1
18   0 255 0 1
19   0 255 0 1
20   0 255 0 1
21   0 255 0 1
22   0 255 0 1
23   0 255 0 1
24   0 255 0 1
25   0 255 0 1
26   0 255 0 1
27   0 255 0 1
28   0 255 0 1
29   0 255 0 1
30   0 255 0 1
31   0 255 0 1
32   0 255 0 1
33   0 255 0 1
34   0 255 0 1
35   0 255 0 1
NORMAL
0   -0.666667 -0.333333 -0.666667
1   -0.408248 -0.816497 0.408248
2   -0.666667 0.333333 0.666667
3   -0.408248 0.816497 -0.408248
4   0.408248 -0.408248 0.816497
5   0.666667 0.666667 0.333333
6   0.666667 -0.666667 -0.333333
7   0.408248 0.408248 -0.816497
TEXCOORD
0   1.000000 1.000000
1   1.000000 1.000000
2   1.000000 0.000000
3   1.000000 0.000000
4   0.000000 1.000000
5   0.000000 0.000000
6   0.000000 1.000000
7   0.000000 0.000000
POLYGON
0 v 0 1 2 n 0 1 2 t 0 1 2 
1 v 3 0 2 n 3 0 2 t 3 0 2 
2 v 4 5 2 n 4 5 2 t 4 5 2 
3 v 1 4 2 n 1 4 2 t 1 4 2 
4 v 6 4 1 n 6 4 1 t 6 4 1 
5 v 0 6 1 n 0 6 1 t 0 6 1 
6 v 7 6 0 n 7 6 0 t 7 6 0 
7 v 3 7 0 n 3 7 0 t 3 7 0 
8 v 5 7 3 n 5 7 3 t 5 7 3 
9 v 2 5 3 n 2 5 3 t 2 5 3 
10 v 6 7 5 n 6 7 5 t 6 7 5 
11 v 4 6 5 n 4 6 5 t 4 6 5 
OBJECT_END

OBJECT_START JRELBOW_01 v8 n8 t8 p12
USES_MATERIAL 1 Green
VERTEX world
0   -0.769643 -1.135209 4.494184
1   -0.769643 -1.135209 4.428751
2   -0.769643 -1.239892 4.428751
3   -0.769643 -1.239892 4.494184
4   -0.835077 -1.135209 4.428751
5   -0.835077 -1.239892 4.428751
6   -0.835077 -1.135209 4.494184
7   -0.835077 -1.239892 4.494184
COLOR
0   0 255 81 1
1   0 255 255 1
2   0 255 255 1
3   0 255 81 1
4   0 255 81 1
5   0 255 255 1
6   0 255 255 1
7   0 255 255 1
8   0 255 255 1
9   0 255 255 1
10   0 255 255 1
11   0 255 255 1
12   0 255 81 1
13   0 255 255 1
14   0 255 255 1
15   0 255 81 1
16   0 255 81 1
17   0 255 255 1
18   0 255 81 1
19   0 255 81 1
20   0 255 81 1
21   0 255 81 1
22   0 255 81 1
23   0 255 81 1
24   0 255 255 1
25   0 255 81 1
26   0 255 81 1
27   0 255 255 1
28   0 255 255 1
29   0 255 81 1
30   0 255 81 1
31   0 255 81 1
32   0 255 255 1
33   0 255 255 1
34   0 255 81 1
35   0 255 255 1
NORMAL
0   -0.666667 -0.333333 -0.666667
1   -0.408248 -0.816497 0.408248
2   -0.666667 0.333333 0.666667
3   -0.408248 0.816497 -0.408248
4   0.408248 -0.408248 0.816497
5   0.666667 0.666667 0.333333
6   0.666667 -0.666667 -0.333333
7   0.408248 0.408248 -0.816497
TEXCOORD
0   0.999999 1.000000
1   0.999999 1.000000
2   0.999999 0.000000
3   0.999999 0.000000
4   0.000001 1.000000
5   0.000001 0.000000
6   0.000001 1.000000
7   0.000001 0.000000
POLYGON
0 v 0 1 2 n 0 1 2 t 0 1 2 
1 v 3 0 2 n 3 0 2 t 3 0 2 
2 v 4 5 2 n 4 5 2 t 4 5 2 
3 v 1 4 2 n 1 4 2 t 1 4 2 
4 v 6 4 1 n 6 4 1 t 6 4 1 
5 v 0 6 1 n 0 6 1 t 0 6 1 
6 v 7 6 0 n 7 6 0 t 7 6 0 
7 v 3 7 0 n 3 7 0 t 3 7 0 
8 v 5 7 3 n 5 7 3 t 5 7 3 
9 v 2 5 3 n 2 5 3 t 2 5 3 
10 v 6 7 5 n 6 7 5 t 6 7 5 
11 v 4 6 5 n 4 6 5 t 4 6 5 
OBJECT_END

OBJECT_START XSRHI v4 n4 t4 p2
USES_MATERIAL 1 Green
VERTEX world
0   -1.319381 0.161774 2.308952
1   -1.319381 0.128085 1.668748
2   0.384426 0.128085 1.668748
3   0.384426 0.161774 2.308952
COLOR
0   0 255 255 1
1   0 255 255 1
2   0 255 255 1
3   0 255 255 1
4   0 255 255 1
5   0 255 255 1
NORMAL
0   0.000000 -0.998618 0.052550
1   0.000000 -0.998618 0.052550
2   0.000000 -0.998618 0.052550
3   0.000000 -0.998618 0.052550
TEXCOORD
0   0.000000 1.000000
1   0.000000 0.000000
2   1.000000 0.000000
3   1.000000 1.000000
POLYGON
0 v 0 1 2 n 0 1 2 t 0 1 2 
1 v 3 0 2 n 3 0 2 t 3 0 2 
OBJECT_END

OBJECT_START XJRSH_SRSH v4 n4 t4 p2
USES_MATERIAL 1 Green
VERTEX world
0   -0.017230 -0.546242 4.078697
1   -0.975739 -0.546242 4.078697
2   -0.975739 -0.546242 5.094043
3   -0.017230 -0.546242 5.094043
COLOR
0   0 255 255 1
1   0 255 255 1
2   0 255 255 1
3   0 255 255 1
4   0 255 255 1
5   0 255 255 1
NORMAL
0   0.000000 1.000000 0.000000
1   0.000000 1.000000 0.000000
2   0.000000 1.000000 0.000000
3   0.000000 1.000000 0.000000
TEXCOORD
0   1.000000 0.000000
1   0.000000 0.000000
2   0.000000 1.000000
3   1.000000 1.000000
POLYGON
0 v 0 1 2 n 0 1 2 t 0 1 2 
1 v 0 2 3 n 0 2 3 t 0 2 3 
OBJECT_END

OBJECT_START XSLHI v4 n4 t4 p2
USES_MATERIAL 1 Green
VERTEX world
0   -1.319381 0.273827 1.662432
1   -1.319381 0.257182 2.303306
2   0.384426 0.257182 2.303306
3   0.384426 0.273827 1.662432
COLOR
0   0 255 0 1
1   0 255 255 1
2   0 255 255 1
3   0 255 0 1
4   0 255 0 1
5   0 255 255 1
NORMAL
0   0.000000 0.999663 0.025963
1   0.000000 0.999663 0.025963
2   0.000000 0.999663 0.025963
3   0.000000 0.999663 0.025963
TEXCOORD
0   0.000000 0.000000
1   0.000000 1.000000
2   1.000000 1.000000
3   1.000000 0.000000
POLYGON
0 v 0 1 2 n 0 1 2 t 0 1 2 
1 v 3 0 2 n 3 0 2 t 3 0 2 
OBJECT_END

OBJECT_START XJRAN_SRAN v4 n4 t4 p2
USES_MATERIAL 1 Green
VERTEX world
0   -0.138407 -0.587546 0.076582
1   -0.854562 -0.587546 0.076582
2   -0.854562 0.171078 0.079894
3   -0.138407 0.171078 0.079894
COLOR
0   0 255 255 1
1   0 255 255 1
2   0 255 0 1
3   0 255 255 1
4   0 255 0 1
5   0 255 0 1
NORMAL
0   0.000000 0.004365 -0.999990
1   0.000000 0.004365 -0.999990
2   0.000000 0.004365 -0.999990
3   0.000000 0.004365 -0.999990
TEXCOORD
0   1.000000 0.000000
1   0.000000 0.000000
2   0.000000 1.000000
3   1.000000 1.000000
POLYGON
0 v 0 1 2 n 0 1 2 t 0 1 2 
1 v 0 2 3 n 0 2 3 t 0 2 3 
OBJECT_END

OBJECT_START JLSHLDR_01 v8 n8 t8 p12
USES_MATERIAL 1 Green
VERTEX world
0   -0.380870 0.896969 4.644662
1   -0.380870 0.896969 4.579227
2   -0.380870 0.792287 4.579227
3   -0.380870 0.792287 4.644662
4   -0.446304 0.896969 4.579227
5   -0.446304 0.792287 4.579227
6   -0.446304 0.896969 4.644662
7   -0.446304 0.792287 4.644662
COLOR
0   0 255 0 1
1   0 255 0 1
2   0 255 0 1
3   0 255 0 1
4   0 255 0 1
5   0 255 0 1
6   0 255 0 1
7   0 255 0 1
8   0 255 0 1
9   0 255 0 1
10   0 255 0 1
11   0 255 0 1
12   0 255 0 1
13   0 255 0 1
14   0 255 0 1
15   0 255 0 1
16   0 255 0 1
17   0 255 0 1
18   0 255 0 1
19   0 255 0 1
20   0 255 0 1
21   0 255 0 1
22   0 255 0 1
23   0 255 0 1
24   0 255 0 1
25   0 255 0 1
26   0 255 0 1
27   0 255 0 1
28   0 255 0 1
29   0 255 0 1
30   0 255 0 1
31   0 255 0 1
32   0 255 0 1
33   0 255 0 1
34   0 255 0 1
35   0 255 0 1
NORMAL
0   -0.666667 -0.333333 -0.666667
1   -0.408248 -0.816497 0.408248
2   -0.666667 0.333333 0.666667
3   -0.408248 0.816497 -0.408248
4   0.408248 -0.408248 0.816497
5   0.666667 0.666667 0.333333
6   0.666667 -0.666667 -0.333333
7   0.408248 0.408248 -0.816497
TEXCOORD
0   1.000000 1.000000
1   1.000000 1.000000
2   1.000000 0.000000
3   1.000000 0.000000
4   0.000000 1.000000
5   0.000000 0.000000
6   0.000000 1.000000
7   0.000000 0.000000
POLYGON
0 v 0 1 2 n 0 1 2 t 0 1 2 
1 v 3 0 2 n 3 0 2 t 3 0 2 
2 v 4 5 2 n 4 5 2 t 4 5 2 
3 v 1 4 2 n 1 4 2 t 1 4 2 
4 v 6 4 1 n 6 4 1 t 6 4 1 
5 v 0 6 1 n 0 6 1 t 0 6 1 
6 v 7 6 0 n 7 6 0 t 7 6 0 
7 v 3 7 0 n 3 7 0 t 3 7 0 
8 v 5 7 3 n 5 7 3 t 5 7 3 
9 v 2 5 3 n 2 5 3 t 2 5 3 
10 v 6 7 5 n 6 7 5 t 6 7 5 
11 v 4 6 5 n 4 6 5 t 4 6 5 
OBJECT_END

OBJECT_START jlfinger v8 n8 t8 p12
USES_MATERIAL 1 Green
VERTEX world
0   -0.119120 3.199805 4.461331
1   -0.119120 3.199805 4.395897
2   -0.119120 3.095123 4.395897
3   -0.119120 3.095123 4.461331
4   -0.184554 3.199805 4.395897
5   -0.184554 3.095123 4.395897
6   -0.184554 3.199805 4.461331
7   -0.184554 3.095123 4.461331
COLOR
0   0 255 0 1
1   0 255 0 1
2   0 255 0 1
3   0 255 0 1
4   0 255 0 1
5   0 255 0 1
6   0 255 0 1
7   0 255 0 1
8   0 255 0 1
9   0 255 0 1
10   0 255 0 1
11   0 255 0 1
12   0 255 0 1
13   0 255 0 1
14   0 255 0 1
15   0 255 0 1
16   0 255 0 1
17   0 255 0 1
18   0 255 0 1
19   0 255 0 1
20   0 255 0 1
21   0 255 0 1
22   0 255 0 1
23   0 255 0 1
24   0 255 0 1
25   0 255 0 1
26   0 255 0 1
27   0 255 0 1
28   0 255 0 1
29   0 255 0 1
30   0 255 0 1
31   0 255 0 1
32   0 255 0 1
33   0 255 0 1
34   0 255 0 1
35   0 255 0 1
NORMAL
0   -0.666667 -0.333333 -0.666667
1   -0.408248 -0.816497 0.408248
2   -0.666667 0.333333 0.666667
3   -0.408248 0.816497 -0.408248
4   0.408248 -0.408248 0.816497
5   0.666667 0.666667 0.333333
6   0.666667 -0.666667 -0.333333
7   0.408248 0.408248 -0.816497
TEXCOORD
0   1.000000 1.000000
1   1.000000 1.000000
2   1.000000 0.000000
3   1.000000 0.000000
4   0.000000 1.000000
5   0.000000 0.000000
6   0.000000 1.000000
7   0.000000 0.000000
POLYGON
0 v 0 1 2 n 0 1 2 t 0 1 2 
1 v 3 0 2 n 3 0 2 t 3 0 2 
2 v 4 5 2 n 4 5 2 t 4 5 2 
3 v 1 4 2 n 1 4 2 t 1 4 2 
4 v 6 4 1 n 6 4 1 t 6 4 1 
5 v 0 6 1 n 0 6 1 t 0 6 1 
6 v 7 6 0 n 7 6 0 t 7 6 0 
7 v 3 7 0 n 3 7 0 t 3 7 0 
8 v 5 7 3 n 5 7 3 t 5 7 3 
9 v 2 5 3 n 2 5 3 t 2 5 3 
10 v 6 7 5 n 6 7 5 t 6 7 5 
11 v 4 6 5 n 4 6 5 t 4 6 5 
OBJECT_END

OBJECT_START XSLKN v4 n4 t4 p2
USES_MATERIAL 1 Green
VERTEX world
0   -0.012420 0.304722 0.356242
1   -0.980548 0.304722 0.356242
2   -0.980548 0.271032 1.352124
3   -0.012420 0.271032 1.352124
COLOR
0   0 255 0 1
1   0 255 0 1
2   0 255 0 1
3   0 255 0 1
4   0 255 0 1
5   0 255 0 1
NORMAL
0   0.000000 0.998824 0.033789
1   0.000000 0.998824 0.033789
2   0.000000 0.998824 0.033789
3   0.000000 0.998824 0.033789
TEXCOORD
0   1.000000 0.000000
1   0.000000 0.000000
2   0.000000 1.000000
3   1.000000 1.000000
POLYGON
0 v 0 1 2 n 0 1 2 t 0 1 2 
1 v 0 2 3 n 0 2 3 t 0 2 3 
OBJECT_END

OBJECT_START XJRHI_SBUT v4 n4 t4 p2
USES_MATERIAL 1 Green
VERTEX world
0   -1.081058 0.206077 2.576892
1   -1.081058 -0.681044 3.441108
2   0.088090 -0.681044 3.441108
3   0.088090 0.206077 2.576892
COLOR
0   0 255 0 1
1   0 255 0 1
2   0 255 0 1
3   0 255 0 1
4   0 255 0 1
5   0 255 0 1
NORMAL
0   0.000000 0.697799 0.716293
1   0.000000 0.697799 0.716293
2   0.000000 0.697799 0.716293
3   0.000000 0.697799 0.716293
TEXCOORD
0   0.000000 1.000000
1   0.000000 0.000000
2   1.000000 0.000000
3   1.000000 1.000000
POLYGON
0 v 0 1 2 n 0 1 2 t 0 1 2 
1 v 3 0 2 n 3 0 2 t 3 0 2 
OBJECT_END

OBJECT_START JNECK_YE01 v8 n8 t8 p12
USES_MATERIAL 1 Green
VERTEX world
0   -0.733914 0.352699 4.991752
1   -0.733914 0.352699 4.968403
2   -0.733914 0.315346 4.968403
3   -0.733914 0.315346 4.991752
4   -0.757263 0.352699 4.968403
5   -0.757263 0.315346 4.968403
6   -0.757263 0.352699 4.991752
7   -0.757263 0.315346 4.991752
COLOR
0   0 255 255 1
1   0 255 0 1
2   0 255 0 1
3   0 255 255 1
4   0 255 255 1
5   0 255 0 1
6   0 255 0 1
7   0 255 0 1
8   0 255 0 1
9   0 255 0 1
10   0 255 0 1
11   0 255 0 1
12   0 255 255 1
13   0 255 0 1
14   0 255 0 1
15   0 255 255 1
16   0 255 255 1
17   0 255 0 1
18   0 255 255 1
19   0 255 255 1
20   0 255 255 1
21   0 255 255 1
22   0 255 255 1
23   0 255 255 1
24   0 255 0 1
25   0 255 255 1
26   0 255 255 1
27   0 255 0 1
28   0 255 0 1
29   0 255 255 1
30   0 255 255 1
31   0 255 255 1
32   0 255 0 1
33   0 255 0 1
34   0 255 255 1
35   0 255 0 1
NORMAL
0   -1.868329 -0.934165 -1.868329
1   -1.144113 -2.288227 1.144113
2   -1.868329 0.934165 1.868329
3   -1.144113 2.288227 -1.144113
4   1.144113 -1.144113 2.288227
5   1.868329 1.868329 0.934165
6   1.868329 -1.868329 -0.934165
7   1.144113 1.144113 -2.288227
TEXCOORD
0   1.000001 1.000000
1   1.000001 1.000000
2   1.000001 0.000000
3   1.000001 0.000000
4   0.000000 1.000000
5   0.000000 0.000000
6   0.000000 1.000000
7   0.000000 0.000000
POLYGON
0 v 0 1 2 n 0 1 2 t 0 1 2 
1 v 3 0 2 n 3 0 2 t 3 0 2 
2 v 4 5 2 n 4 5 2 t 4 5 2 
3 v 1 4 2 n 1 4 2 t 1 4 2 
4 v 6 4 1 n 6 4 1 t 6 4 1 
5 v 0 6 1 n 0 6 1 t 0 6 1 
6 v 7 6 0 n 7 6 0 t 7 6 0 
7 v 3 7 0 n 3 7 0 t 3 7 0 
8 v 5 7 3 n 5 7 3 t 5 7 3 
9 v 2 5 3 n 2 5 3 t 2 5 3 
10 v 6 7 5 n 6 7 5 t 6 7 5 
11 v 4 6 5 n 4 6 5 t 4 6 5 
OBJECT_END

OBJECT_START XJLWR_SLEL v4 n4 t4 p2
USES_MATERIAL 1 Green
VERTEX world
0   0.233042 2.448122 4.033464
1   -0.725467 2.448122 4.033464
2   -0.725467 2.448122 5.048810
3   0.233042 2.448122 5.048810
COLOR
0   0 255 0 1
1   0 255 0 1
2   0 255 255 1
3   0 255 0 1
4   0 255 255 1
5   0 255 255 1
NORMAL
0   0.000000 1.000000 0.000000
1   0.000000 1.000000 0.000000
2   0.000000 1.000000 0.000000
3   0.000000 1.000000 0.000000
TEXCOORD
0   1.000000 0.000000
1   0.000000 0.000000
2   0.000000 1.000000
3   1.000000 1.000000
POLYGON
0 v 0 1 2 n 0 1 2 t 0 1 2 
1 v 0 2 3 n 0 2 3 t 0 2 3 
OBJECT_END

OBJECT_START XJLHI_SLHI v4 n4 t4 p2
USES_MATERIAL 1 Green
VERTEX world
0   -0.854562 0.236793 2.329795
1   -0.854562 0.987580 2.438639
2   -0.138407 0.987580 2.438639
3   -0.138407 0.236793 2.329795
COLOR
0   0 255 0 1
1   0 255 0 1
2   0 255 0 1
3   0 255 0 1
4   0 255 0 1
5   0 255 0 1
NORMAL
0   0.000000 0.143473 -0.989654
1   0.000000 0.143473 -0.989654
2   0.000000 0.143473 -0.989654
3   0.000000 0.143473 -0.989654
TEXCOORD
0   0.000000 0.000000
1   0.000000 1.000000
2   1.000000 1.000000
3   1.000000 0.000000
POLYGON
0 v 0 1 2 n 0 1 2 t 0 1 2 
1 v 3 0 2 n 3 0 2 t 3 0 2 
OBJECT_END

